/*--------------------------------*- C++ -*----------------------------------*\
| =========                 |                                                 |
| \\      /  F ield         | OpenFOAM: The Open Source CFD Toolbox           |
|  \\    /   O peration     | Version:  2106                                  |
|   \\  /    A nd           | Website:  www.openfoam.com                      |
|    \\/     M anipulation  |                                                 |
\*---------------------------------------------------------------------------*/
FoamFile
{
    version     2.0;
    format      ascii;
    arch        "LSB;label=32;scalar=64";
    class       volScalarField;
    location    "4000/Helium";
    object      T;
}
// * * * * * * * * * * * * * * * * * * * * * * * * * * * * * * * * * * * * * //

dimensions      [0 0 0 1 0 0 0];

internalField   nonuniform List<scalar> 
3200
(
302.311591213088945551135
302.310758234853892645333
302.310628924973343600868
302.310388718832257382019
302.310249718820443831646
302.310102869366630784498
302.309987978608774028544
302.309889827418317054253
302.30981537797970304382
302.309761573946900625742
302.309728223161528148921
302.309713017448757454986
302.309713873400255579327
302.309728276377768452221
302.309753799050952238758
302.309788069261742293747
302.309828926107286406477
302.309874412939791454846
302.309922868992259736842
302.3099728318568963914
302.310023188776369806874
302.310072931770889681502
302.310121515754474330606
302.310170803538937889243
302.310219624383535119705
302.310265619423603311589
302.310308205350168009318
302.310347377266111834615
302.310383146957804001431
302.310415969298333038751
302.310445885928970710665
302.310473446065543612349
302.310498789134953767643
302.310522286134755631792
302.310544263752262850176
302.310564877870774580515
302.310584482493197810982
302.310603222501981690584
302.310621295444946099451
302.310638885379205476056
302.310656105796113024553
302.310673076466798647743
302.310689895608788901882
302.310706631819527956395
302.310723343011204633513
302.310740074807711152971
302.310756862486641693977
302.310773878261329628003
302.310790997613196395832
302.31080817801733928718
302.310825409628876059287
302.310842690411845978815
302.310860018830908302334
302.310877391974997863144
302.310894805966086096305
302.31091225570287406299
302.310929735098682158423
302.310947237854179547867
302.310964757382578227407
302.31098228689791085344
302.310999819928838405758
302.311017350393626657024
302.311034872288132646645
302.311052380197338607104
302.311069869297398327035
302.311087334922888203437
302.311104773071747331414
302.311122180054724140064
302.311139552674376318464
302.311156888132813946868
302.311174187491872089595
302.311191448245381252491
302.311208664225432585226
302.311225832481397901574
302.311242951306610393658
302.311260019174142144038
302.311277034360159632342
302.311293987158592244668
302.311310776133950639633
302.311326210411664305866
306.933772544365979229042
306.93216731809081920801
306.932010751631707989873
306.931380819553169203573
306.931008904841917228623
306.930598408949208533159
306.93027079391424649657
306.929983950986695617758
306.929759276938000311929
306.929589274375416607654
306.929474696338843386911
306.929410165118554232322
306.929390813206850907591
306.929410366509443974792
306.929462611102792379825
306.92954130830338499436
306.929640651450426958036
306.929755280113795379293
306.929880541468776300462
306.930012284543465739262
306.930147229261706343095
306.930282421845447515807
306.930415947019014311081
306.930547131774403624149
306.930674504075909680978
306.930796496473988099751
306.930912181795576998411
306.931021294565539392352
306.931123436606412724359
306.93121924080281814895
306.931308551379117943725
306.931392263683164856047
306.931470620890650025103
306.931544238958110781823
306.931613807161170370819
306.931679650860985475447
306.931742493030810692289
306.931802722504812663828
306.931860783554043337062
306.931917124497999793675
306.931972064563240110147
306.932025916878217230988
306.932078957432793231419
306.932131401314393315261
306.932183431763121461699
306.932235202460958589654
306.93228683777846299563
306.93233849183440042907
306.93239018845838472771
306.932441952357748959912
306.932493800692896002147
306.932545745542768145242
306.932597792777812628628
306.932649941517297520477
306.932702186178119063698
306.932754516970703662082
306.932806920497853298002
306.932859381663774911431
306.932911884158954762825
306.932964410654278708535
306.933016943911297857994
306.933069467468271795951
306.933121965000282216351
306.933174421184048696887
306.93322682220315300583
306.933279154760327855911
306.933331407010655311751
306.933383568021611154109
306.933435628064671618631
306.933487578480537649739
306.933539413055939348851
306.933591124236500036204
306.93364270450950925806
306.933694146985374118231
306.933745446027160141966
306.933796596167610459815
306.933847590991490505985
306.93389840038759075469
306.933948718159513191495
306.933994971504318982625
311.555525125511792339239
311.553896529922042191174
311.553545258637541337521
311.552732293930262130743
311.552169909807616932085
311.551571870178975132148
311.551068002388944933045
311.550619925889805017505
311.55025358012363767557
311.549963557703051719727
311.549752010791280554258
311.549613606840807733533
311.549542741569496229204
311.549531670846192810131
311.549572264307983004983
311.549656067054854702292
311.549774940324709859851
311.549921168187609055167
311.550087855605454478791
311.55026872450650898827
311.550458614554202085856
311.550652848800780247984
311.550848070634970099491
311.551041875671216985211
311.55123177598522943299
311.551415916843211562082
311.55159293568482326009
311.551762228223651618464
311.551922969202564672742
311.552075601701744744787
311.552219783158307109261
311.552356319026500841574
311.552485503114667153568
311.552607942638985605299
311.552724466963979921275
311.552835518751749077637
311.552941947722615623206
311.553044326348015147232
311.553143244968396174954
311.553239310572848808079
311.553333003709326476383
311.553424777122700106702
311.553515039786361739971
311.553604130258349869109
311.553692338771156755683
311.553779913410039625887
311.553867063496738865069
311.553953973474904159957
311.554040749345347194321
311.554127481008322320122
311.554214229923957191204
311.554301038039341165131
311.554387931787175602949
311.554474923857355861401
311.554562016749855501985
311.554649204766462844418
311.554736475210347634857
311.554823810927985050512
311.554911191748544752045
311.554998595042434317293
311.55508599701653338343
311.555173374145226716792
311.555260702768862302037
311.555347959812593217066
311.555435123910456240992
311.555522174433235704782
311.555609092396196047048
311.555695860080390957592
311.555782461286014495272
311.555868881425453764678
311.555955107979002605134
311.556041127796220280288
311.556126929502909206349
311.556212502183939250244
311.556297836137844115001
311.556382921787985651463
311.556467747569172388467
311.55655226253162481953
311.556635954246246456023
311.556712869257125930744
316.177044287820308454684
316.175600038969150773482
316.175133311021795634588
316.174240439847778816329
316.173559289745014666551
316.172839584275095603516
316.172209964781302460324
316.171639961999289880623
316.17115899309499127412
316.170765126704907288513
316.170462747275962556159
316.17024797321010964879
316.170115862795171324251
316.170058690236771781201
316.170067825453429577465
316.170133917772318454809
316.170247662578447034321
316.170399998561833854183
316.170582611526697291993
316.170787775667747609987
316.171008938862200920994
316.171240096851818179857
316.171476667068759525137
316.171714972311235669622
316.171951478158632653503
316.172183693664237580379
316.172409671833236188832
316.172628366365984220465
316.17283851808753070145
316.173040200305081270926
316.173232853679053278029
316.173416994333422280761
316.173592857056235061464
316.173760912959096458508
316.173921958383289165795
316.174076468671387374343
316.174225278800008709368
316.174369043501542364538
316.174508415267666805448
316.174644069894782205665
316.174776582119420709205
316.174906488112242186617
316.175034279076385246299
316.175160377826614421792
316.175285151269918060279
316.175408917416802978551
316.175531958644342012121
316.17565447817975154976
316.175776652635249774903
316.17589861947840290668
316.176020480677038904105
316.176142309774263594591
316.176264157366460949561
316.176386054202907871513
316.176508015485808300582
316.17663004413458338604
316.176752132697288288909
316.176874266208471908612
316.1769964244698485345
316.177118583158289766288
316.177240715158973216603
316.177362792538986013824
316.1774847867083053643
316.177606668903081299504
316.177728411725013302203
316.177849988524940272328
316.177971374172784635448
316.178092544926812479389
316.178213478582108564297
316.178334154905428476923
316.178454555698294825561
316.178574662354662905273
316.178694458848212889279
316.178813929957357231615
316.178933061799284587323
316.179051840625049862865
316.179170249499918554648
316.179288216253894461261
316.179405020534375125862
316.179512330984266554879
320.7984632591004015012
320.79723429086322994408
320.796722730573833359813
320.795813861497435937054
320.795072904445646599925
320.794285815258376715065
320.793578103290769831801
320.792926838185849192087
320.79236430512651168101
320.791891989176747301826
320.79151667381427159853
320.791236401514879617025
320.791047562019116412557
320.790943261902782523975
320.790915255994093513436
320.790954200423755082738
320.791050495770946326957
320.791194548595569813187
320.791377349105289340514
320.791590362275314873841
320.791826168798479557154
320.792077883257832127128
320.792340030716218279849
320.792608033095348218922
320.792877503415581941226
320.793145316002608069539
320.793408928223868770147
320.793666820037685738498
320.7939173186377388447
320.794160066076926796086
320.794394266208314547839
320.79462007622311148225
320.794837586159530928853
320.795047070694749891118
320.795249185358386512235
320.795444360352973944828
320.79563333327331520195
320.795816750881215284608
320.79599525817491212365
320.796169529254825647513
320.796340167715811730886
320.796507739498338196427
320.796672769239478384407
320.796835721144134367933
320.79699700364125192209
320.797156974905419701827
320.797315959068498614215
320.797474184233635696728
320.797631863245726435707
320.797789166568577456928
320.797946225875762138458
320.798103139708075559611
320.798259979047884371539
320.798416790955457145174
320.798573602934880000248
320.798730426890699618525
320.798887261633467460342
320.799044095831675349473
320.799200910820275112201
320.799357682278071024484
320.79951438156723497741
320.799670977963444329362
320.799827439465047973499
320.799983733125600338099
320.800139826745123627916
320.800295688726691878401
320.800451288735871457902
320.800606597822081766935
320.800761588413365643646
320.800916235083604988176
320.801070514527509658365
320.801224403107028138038
320.801377880117968288687
320.801530926020916467678
320.801683522811913462647
320.801835652664749432006
320.80198729325684325886
320.802138350865277516277
320.802287895214703894453
320.802425221770249663678
325.419879105214079118014
325.418839162054553071357
325.418317806748063958366
325.417426786848579922662
325.416665000271052576863
325.415849742219393192499
325.415101909250722655997
325.41440458060168339216
325.413791920254709566507
325.413268136809961106337
325.412842038699920976796
325.412513479288691087277
325.412280294605068320379
325.41213671510246285834
325.412075301834136098478
325.412087222945046960376
325.412163131973272811592
325.412293462848992930958
325.412469050867969144747
325.412681062041201585089
325.412921665802684856317
325.41318350581730101112
325.41346055808230630646
325.413747674251339958573
325.414039867477583811706
325.414333523016694016405
325.414625601891486894601
325.414914156765348707268
325.41519716322710564782
325.415473845643305139674
325.415743181141749573726
325.416004970898256942746
325.416259117658626109915
325.416505683183856945107
325.416745129399828329042
325.416977789072404902981
325.417204258699030106072
325.417425114088473492302
325.417640941627894335397
325.417852363250744929246
325.418059959095899102977
325.418264279865582011553
325.418465842113221242471
325.418665112641917858127
325.418862507748542611807
325.419058396340517447243
325.419253116390393643087
325.419446907034284777183
325.419639995800366705225
325.419832568658534910355
325.420024772821875558293
325.42021672100895557378
325.420408496444622414856
325.420600156560396953864
325.420791737031720458617
325.420983255870851280633
325.421174716297571194445
325.42136610961983933521
325.421557418238307946012
325.421748617774937883951
325.421939678430533149367
325.422130567207034346211
325.422321249278468258126
325.422511688306883570476
325.422701848063468332839
325.422891692724590484431
325.423081187463310470775
325.423270298823865687154
325.423458994525390153285
325.423647244461108130054
325.423835020781496041309
325.424022295369184121228
325.424209043180667322304
325.42439524061603606242
325.42458086581876841592
325.424765897168526862515
325.42495030712933612449
325.425133980147677448258
325.425315773688794251939
325.425482617325883438752
330.041364925161019527877
330.040466913092132017482
330.039947703578150139947
330.039088386233629535127
330.038328099788884628651
330.037509847607111623802
330.036748826816847213195
330.036032458062550176692
330.035395706998940568155
330.034844595054551064095
330.034389318899400223017
330.034031114066806367191
330.033769037544402635831
330.033598386417736492149
330.033512610987997959455
330.033503581942397886451
330.033562473233359924052
330.033680064209079318971
330.033847377707786563406
330.034055632485603837267
330.034296925543060297059
330.034563754917030564684
330.034849839713558594667
330.035149738718018852524
330.035458106243595466367
330.035771020603249326086
330.036085096175099806715
330.036398052409140291275
330.036707606215259147575
330.037012624226576917863
330.037311893522598893469
330.037604904138561323634
330.037891366689621008845
330.038171143491467773856
330.038444491009158809902
330.03871161980350734666
330.038972970093652747892
330.039229011669021929265
330.03948024115805992551
330.039727197168133443483
330.039970400578170028894
330.040210354045427720848
330.04044753488022934107
330.040682381921442356543
330.040915291419423738262
330.041146617784875161306
330.041376689169567271165
330.041605737754366600711
330.041833987959194018913
330.042061625029191418434
330.042288797481660367339
330.042515620330505043967
330.042742179281390235701
330.0429685342489847244
330.043194722929285944701
330.043420764653035348601
330.043646663379661276849
330.043872410404730999289
330.044097987290967921581
330.044323368262951134966
330.044548521599779178359
330.04477341166085579971
330.044998000626378598099
330.045222248915877116815
330.045446116600999175716
330.045669564022034592199
330.045892552323664403957
330.046115044082796430303
330.04633700292453113434
330.0465583945933758514
330.046779187252980136691
330.04699934892630608374
330.047218850768103948212
330.047437665580162047263
330.047655768106380946847
330.04787313339744514451
330.048089729063235608919
330.048305417496976588154
330.04851884123792160608
330.048714574552150224918
334.66293156777970807525
334.662153764137201505946
334.66164553863887931584
334.660823124176488363446
334.66007619153384666788
334.659269631677204870357
334.658512851093803419644
334.65779637357138653897
334.657155118742423383082
334.656596078117615888914
334.656130170435631043802
334.655759481644111019705
334.655483909833378675103
334.655299572954845643835
334.655200686748742100463
334.655179803100168101082
334.655228677953914484533
334.655338562028191518039
334.655500836016358334746
334.655706973476469556772
334.655949213040230461047
334.65622013093587838739
334.656513404768929831334
334.656823509195817223372
334.657144936757731557009
334.657473623916359883879
334.657805991756447383523
334.65813953497405464077
334.658471814277959310857
334.658801421352166016732
334.659127004517415571172
334.659447808519587397313
334.659763372850079576892
334.660073391851994983881
334.660377931984783117514
334.660677079164486258378
334.660971122424712120846
334.661260413472291475045
334.661545345987008204247
334.661826360959651083249
334.662103900154306757031
334.662378398273062884982
334.662650273470262618503
334.662919915868769749068
334.663187681609258561366
334.663453891754102187406
334.663718846606457191228
334.663982755528024881642
334.664245825320108451706
334.664508227042404087115
334.664770098208634863113
334.665031545324325179536
334.665292647276260140643
334.665553458533679531683
334.665814012268242549908
334.666074323786858712992
334.666334393458043905412
334.666594209191828213079
334.666853749130495998543
334.6671129841127481086
334.667371879107975018997
334.667630394952198003011
334.667888490227085185325
334.668146121849758856115
334.668403246224784197693
334.66865982004213719847
334.668915800728314025037
334.669171147310350988846
334.669425819898663121421
334.669679780659919288155
334.669932994351768229535
334.670185425810416290915
334.670437043065476245829
334.670687815949236210145
334.670937716419985008542
334.671186716826241536182
334.671434780451193091722
334.671681747466777778754
334.671926042517270616372
334.672149899338705836271
339.284614391530112698092
339.283939440724850555853
339.283447494546180678299
339.282662446537585765327
339.281934313103022304858
339.28114702537942548588
339.28040478861527162735
339.279700450550478763034
339.279068356810000750556
339.278515820266477476252
339.278053919658930226433
339.277685092116769283166
339.277409673632405429089
339.277224291296022329334
339.277123705585836432874
339.277101011110858053144
339.277148479386767121468
339.277257827428741165932
339.277420836389353553386
339.277629317060529956507
339.277875755631725951389
339.278152935198249906534
339.278454629319355717598
339.278775362068245158298
339.279109605984444897331
339.279453281339613113232
339.27980274578482067227
339.280155368517000624706
339.280508646930741178949
339.280860984166508842463
339.281210943327323548147
339.281557594717469328316
339.28190034144398623539
339.282238749120210741239
339.282572724927717899845
339.282902242697900874191
339.283227458146939170547
339.283548609245144689339
339.283865987486933590844
339.284179935171721353981
339.28449080840817941862
339.284798965597644837544
339.28510475625586195747
339.285408510624733935401
339.285710532934274397121
339.286011099138875124481
339.286310469973329873028
339.286608820714207013225
339.28690633015020239327
339.287203145377759483381
339.287499383690828835825
339.287795134686746223451
339.288090462969250893366
339.288385410970306566014
339.28868000168125718119
339.28897424162840934514
339.289268123617432593164
339.289561628964918327256
339.289854729876026340207
339.290147391817129118863
339.290439574976630865422
339.290731235705095514277
339.291022328323265355721
339.291312805888424009026
339.291602621096842540283
339.291891727150698443438
339.292180078070714444038
339.292467629746624879772
339.292754339378234362812
339.293040166218474951165
339.293325072281845677935
339.29360901996773236533
339.293891974985513115826
339.294173904982471867697
339.294454779899865570769
339.294734570158368569537
339.295013235392957540171
339.295290593429228920286
339.295564847789592022309
339.295815911683121157694
343.906458504964689382177
343.905866058131039153523
343.905390870052599439077
343.904640223921489905479
343.903932267758079888154
343.90316725698613709028
343.902444989306218303682
343.901760122716098067031
343.901146153249840153876
343.900610263845123881765
343.900163276845887594391
343.89980757623021645486
343.89954358284410318447
343.8993681329089895371
343.899276290958255231089
343.899261511094550769485
343.899316451097604385723
343.899433214462590058247
343.899603944117473020015
343.899820787537294108915
343.900076503541754391335
343.90036413444016716312
343.9006776242676437505
343.901011602700009461842
343.901360613114832176507
343.901720642460077215219
343.902088079895122518792
343.902460246580062630528
343.902834647961526570725
343.90320957512398081235
343.903583552535224043822
343.903955540623940123623
343.904324844558800577943
343.904690940424757172877
343.905053612507458637992
343.905412743084639259905
343.905768378791435679886
343.906120658211023055628
343.906469780787119816523
343.906815998230911191058
343.907159584327928314451
343.907500821993210138316
343.907839991209016261564
343.90817735942391664139
343.908513174675533718982
343.908847662786740784213
343.909181039353768483124
343.909513439571412618534
343.909845008388913356612
343.910175863261997619702
343.910506095690323036251
343.910835773053634056851
343.911164940809612744488
343.911493624930926671368
343.911821834312149803736
343.912149563333798596432
343.912476794382200750988
343.912803499836854825844
343.913129644128730433295
343.913455185919815448869
343.91378007955239581861
343.914104276249986469338
343.914427725702921634365
343.914750376967049305676
343.915072179158642029506
343.91539308232103167029
343.915713037553643971478
343.916031998159553495498
343.916349919148046865303
343.916666757681412036618
343.916982473845848744531
343.917297028476696141297
343.917610385908403713984
343.917922512551967884065
343.91823337725554665667
343.918542949429991040233
343.918851185873506892676
343.91915788197076153665
343.919461016683442267095
343.919738209069123513473
348.528499308225661934557
348.527970999418641895318
348.527510482857508122834
348.526789422561478204443
348.52610068809138965662
348.525358272755340749427
348.524658368761265592184
348.523997049957586114033
348.523406842118333770486
348.522894496476510539651
348.522470295223172342958
348.522136271090062109579
348.521892654698149272008
348.521736241417215751426
348.521662183402952450706
348.52166411277738689023
348.521734927311797491711
348.521867005671026618074
348.522052771605444831948
348.522284659519016258855
348.522555673508350082557
348.522859114057155238697
348.523189134922347420797
348.523540434845017443877
348.523907694558999992296
348.524287014549656760209
348.524674873253729856515
348.52506859494616264783
348.525465738441880603204
348.525864541890143755154
348.526263525746003324457
348.526661592393054434069
348.52705798426717365146
348.527452122055706240644
348.527843702459051655751
348.528232539131693101808
348.528618595364719112695
348.52900192944650825666
348.52938266410495771197
348.529760974029443332256
348.530137060479376032163
348.530511138164342810342
348.53088342299719215589
348.531254123120561416727
348.531623432246419724834
348.531991526774845624459
348.53235857697495703178
348.532724676947566422314
348.533089936407804998453
348.533454441523133482406
348.533818256114102496213
348.534181423312475089915
348.534543967442402845336
348.534905896125167146238
348.535267202416036980139
348.535627867026619242097
348.535987860636794266611
348.536347145661522972659
348.536705678017369791633
348.537063409069958197506
348.537420287024815479526
348.53777625796584516138
348.538131267147434755316
348.538485259951869466022
348.538838182424512979196
348.539189982110542587179
348.539540607984008602216
348.539890011584191142902
348.540238146658111872966
348.540584969320093478018
348.540930438752923237189
348.54127451527267567144
348.541617162946067765006
348.54195834806779430437
348.542298039479533144913
348.542636206638007934089
348.542972804430974065326
348.54330760571644987067
348.54363836129647324924
348.543940430035377175955
353.150765324814699397393
353.150285900292203677964
353.149837120868312467792
353.149140311938310787809
353.148468825380746238807
353.147748036052519182704
353.147071284883793396148
353.146435714902906966017
353.145872840512140555802
353.145388775495746358501
353.144993077051481122908
353.144687219423474289215
353.144471045001466791291
353.144341118628688036551
353.144292506293709266174
353.144318862265265579481
353.14441318803847025265
353.144568022845930954645
353.144775975960556024802
353.145029695975722461299
353.145322376608078229765
353.145647543362485976104
353.145999611523279781977
353.146373145086613476451
353.146763096210463572788
353.147165685778645638493
353.147577501487830886617
353.14799589607224561405
353.148418502448123490467
353.148843545683462252782
353.14926956383305878262
353.149695438240769362892
353.150120376880295225419
353.150543771745162757725
353.150965262347256157227
353.151384615377025966154
353.151801734866637616506
353.152216618921102053719
353.152629330878539803962
353.153039984483541502414
353.153448721864435810858
353.153855700820372476301
353.15426108287186934831
353.154665024833889219735
353.155067672525319721899
353.155469158079370117775
353.155869610545664727397
353.15626908612250645092
353.156667661764231525012
353.157065394285211823444
353.157462321302375585219
353.157858462756905737479
353.158253822634208063391
353.158648390830535390705
353.159042145071794038813
353.15943505285815717798
353.159827073612177628092
353.160218160270233056508
353.160608260797118873597
353.160997319908801728161
353.161385280364754635229
353.161772083914911490865
353.162157672295506927185
353.162541988171767570748
353.16292497555082263716
353.163306580583707727783
353.163686751315992751188
353.164065438706586519402
353.164442596450953715248
353.164818180918928192114
353.16519215164811384966
353.165564469691275917285
353.16593510012864953751
353.166304010434146221087
353.166671170688800884818
353.167036551578178205091
353.167400107093953920412
353.167761587456482175185
353.168118511595935160585
353.168444020955917039828
357.773280250870982399647
357.772837453629392712173
357.772397513439557314996
357.771719950695967327192
357.77106362211497980752
357.770363186902613961138
357.769709814420991733641
357.769101384400528331753
357.768568388179232897528
357.768116149338425202586
357.767753378715497092344
357.767480850864444619219
357.76729788393851094952
357.767200676698507777473
357.767184079073558677919
357.76724164449495901863
357.767366363735163758975
357.76755083366583676252
357.767787756426514533814
357.768069916660010676424
357.768390631399597623385
357.768743600533298376831
357.76912358955928539217
357.769524629199281662295
357.769942232455377961742
357.77037267676297460639
357.770812646465003581397
357.77125952901332084366
357.771711034003374152235
357.772165396554726157774
357.772621182875980139215
357.773077276694777992816
357.773532871978090952325
357.773987351148946345347
357.774440320637722834363
357.774891518750564500806
357.775340811148453212809
357.775788154704400767514
357.77623357060519992956
357.776677128228641322494
357.777118925464321819163
357.77755907657558509527
357.777997700803609859577
357.778434914425133683835
357.778870824863417965389
357.779305528287750348682
357.77973911976795307055
357.78017162401920359116
357.780603090778924979531
357.78103355235521121358
357.781463024422578200756
357.781891507427928900142
357.782318988247652669088
357.782745441922486406838
357.783170833422104806232
357.783595119357926250814
357.784018250012934458937
357.784440170819834747817
357.784860823666633677931
357.785280148428739721567
357.78569808413601549546
357.786114569884887259832
357.786529545580151534523
357.786942952805190998333
357.787354735141832406953
357.787764838938983302796
357.788173212936328582146
357.78857980908810532128
357.788984582563784897502
357.78938749157191523409
357.789788497463973726553
357.790187563520476032863
357.790584657288491143845
357.790979748872359778034
357.791372810985876640189
357.79176381683430463454
357.792152720577632862842
357.79253924960875110628
357.792920687192179229896
357.79326801013502290516
362.396064482814779239561
362.395648602810183547263
362.395215003674252329802
362.394552451019649197406
362.393909627681523488718
362.393228624165374185395
362.392599018574742331111
362.392019089988139057823
362.391518290973010607559
362.391101024079489434371
362.390775065886089123524
362.390540391094589267595
362.390395699934288131772
362.390336729874093180115
362.390358020651547121815
362.390452931871948294429
362.390614352594582214806
362.390834851381271164428
362.391107141557768045459
362.391424070422146996862
362.391779012781796609488
362.392165779147717330488
362.392579283856605343317
362.393013417969939382601
362.393463875513020866492
362.393927024719289420318
362.394399646944577852992
362.394879166759949384868
362.395363363886929164437
362.395850494820422227349
362.396339156948613435816
362.396828249455552395375
362.397316966071514343639
362.397804692570900897408
362.398291020555745944876
362.39877567515742384785
362.399258501108988639317
362.399739430959130004339
362.400218459860070652212
362.400695628785399549088
362.401171006454831058363
362.40164467771438694399
362.402116732766444329172
362.402587259637982697313
362.403056338658643653616
362.403524040325180521904
362.403990435018897642294
362.404455524632112428662
362.404919339434286484902
362.405381894221022776037
362.405843189079575950018
362.4063032107004005411
362.406761934012365600211
362.407219323876063299394
362.407675336768988927361
362.40812992230706868213
362.408583025178643310937
362.409034586581867642963
362.40948454536453482433
362.409932839409407279163
362.410379406667800594732
362.410824186069191910065
362.411267118082491833775
362.411708145475301989791
362.412147213562263914355
362.412584270944705622242
362.413019269069138772466
362.413452162819908153324
362.413882910665336112288
362.414311474521866784926
362.414737819077402036783
362.41516191162173754492
362.415583723760846623918
362.416003229782347716537
362.416420406533461573417
362.416835231110724180326
362.417247658913993291208
362.417657394172522344888
362.418061480615335767652
362.418428794315275354165
367.019136273707374584774
367.018739674544121953659
367.018310428131769640459
367.017659608350811595301
367.017029388102116627124
367.01636765613204715919
367.015762857516165240668
367.015213316019526246237
367.014747402370630879886
367.014368467467193113407
367.014083275790255811444
367.013890921574954973039
367.013789416594192971388
367.013773966536064108368
367.013838730793395370711
367.013976804424373767688
367.014180903405929257133
367.014443498597245252313
367.014757246531132750533
367.01511499348305278545
367.015510114321443779772
367.0159364706383939847
367.01638902580077683524
367.016861627353193853196
367.017350045684509041166
367.017850706690410333977
367.018360469895299047494
367.018876791774971479754
367.019397510516284910409
367.019920907911341600993
367.020445611746708891587
367.020970543358714621718
367.021494905592589930166
367.022018096508418238955
367.022539706814598048368
367.023059461036666561995
367.023577197608858568856
367.024092839662898768438
367.024606371072877664119
367.02511781933952761392
367.025627238588810996589
367.026134698311864212883
367.026640273174223239039
367.02714403580728230736
367.027646051583417374786
367.028146376659037741774
367.028645067145873781556
367.029142112124191044131
367.029637531515561477136
367.030131330983920179278
367.030623502763944543403
367.031114026913996895018
367.03160287293110286555
367.032090001457788730477
367.032575365962372870854
367.033058914119237670093
367.03354058964458772607
367.034020333752778242342
367.034498086184214571404
367.034973786487455527094
367.035447374921943719528
367.035918793380005809013
367.036387985850296900026
367.036854899051490974671
367.037319482625150612876
367.037781689848827681999
367.038241477190638306638
367.03869880467192388096
367.039153636116282086732
367.039605939340049189923
367.040055683576895262377
367.040502842442947439849
367.040947393205783555459
367.0413893159173994718
367.041828593095317501138
367.042265207128821202787
367.04269911568769657606
367.043129999272082386597
367.043554658114771882538
367.043939943535576730937
371.642512617654347195639
371.642129337012647738447
371.64170297721580027428
371.641061643984130569152
371.640444054703777965187
371.63980246273490593012
371.63922449713777496072
371.638708146258181841404
371.638280611241100359621
371.637944045592689690238
371.637704116022348443948
371.637558958052636626235
371.637505831268640577036
371.637539349619260065083
371.637653234384913503163
371.637840259043798596394
371.638092909274348585313
371.638403502739379291597
371.638764584996692974528
371.639168949568045263732
371.63960992550789796951
371.640081376709588312224
371.640578256776336729672
371.641094381380867162079
371.641625560634963676421
371.642168250193549283722
371.64271936627710601897
371.643276390356163574324
371.643837207577121262148
371.644400126291316155402
371.644963803765961074532
371.64552718780396389775
371.646089497983268756798
371.646650152047129722632
371.64720875141034639455
371.647765031157121029537
371.64831883630381526018
371.648870094039921241347
371.649418790596598682896
371.649964953936489564512
371.65050863744625075924
371.651049908860727555293
371.651588840550004988472
371.652125502542219237512
371.652659957519460931508
371.65319225893000520955
371.653722459414325385296
371.654250545842671726859
371.65477653753498543665
371.655300440089661151433
371.655822246328568780882
371.656341937541924380639
371.656859485074107851688
371.657374852056875624839
371.657887995145870263514
371.658398865822675816162
371.658907412121152447071
371.659413580136913424212
371.659917314996334880561
371.660418562082895732601
371.660917267823606380261
371.661413380616124868538
371.661906851276967245212
371.662397633556508935726
371.662885684285924980941
371.663370964069940782792
371.663853436884323855338
371.664333070240274992102
371.664809835483993083471
371.665283708246988680912
371.66575466455498144569
371.66622268591549982375
371.666687756990768320975
371.667149865198041425174
371.667609000238769567659
371.668065151156099545915
371.668518278811177424359
371.668968039092817434721
371.669410984640762762865
371.669812030853563555866
376.266209933357004047139
376.265835380259318299068
376.265410956695177446818
376.264777936278392189706
376.264174063168468364893
376.263554705002491118648
376.263006832458700046118
376.262527687108331519994
376.262143153808096940338
376.261854016404129197326
376.261664736453099067148
376.261572401805381105078
376.26157345034471291001
376.261661843970045993046
376.261830811563754650706
376.262072755048166072811
376.262379882490563431929
376.262744314612234575179
376.263158445504473093024
376.263614977744794032333
376.26410716322772032072
376.264628833875292457378
376.265174897816734755907
376.265739135726960284956
376.266317382041847849905
376.266906108516764106753
376.267502274181083521398
376.268103383245545501268
376.26870736156251950888
376.269312547166180138447
376.269917629019914784294
376.270521586811014458362
376.27112366525528841521
376.271723309853086902876
376.27232014389892356121
376.272913924078181935329
376.273504514233138706913
376.274091858370070440287
376.274675958010732301773
376.275256854736255718308
376.275834614318910098518
376.276409315688283641066
376.276981041584349441109
376.277549871741825882054
376.278115878039045583137
376.278679122580228977313
376.279239665111845170031
376.279797500859729098011
376.280352658274694022111
376.280905152019897741411
376.281454984048139067454
376.282002144892146588973
376.282546615220496732945
376.283088367586856293201
376.283627368249256051058
376.284163578471407163306
376.284696956134723677678
376.285227457307598797343
376.285755037199635353318
376.286279651379970800917
376.286801256476678645413
376.28731981108558102278
376.287835276271152906702
376.28834761598994873566
376.28885679719769541407
376.289362790527434299293
376.289865569965286340448
376.290365112861593388516
376.290861400238611622626
376.291354417348657079856
376.291844149369694605411
376.292330587107812789327
376.292813724260611252248
376.293293557117635828035
376.293770083967672235303
376.294243301742369567364
376.294713175226036128151
376.295179334391093561862
376.295638079984996693383
376.29605249371309128037
380.890244599756954357872
380.889875348763382589823
380.889452439765761937451
380.888827695475413293025
380.888239812051665467152
380.887646190298426063237
380.887133118945826026902
380.886696644339451722772
380.886361115579518354934
380.886125738817327146535
380.885993630521682007384
380.885960722139145673282
380.886022546463323124044
380.886172346451985504245
380.886402803310886611143
380.886705901755988179502
380.887073533755824428226
380.887497591322244261391
380.887970291644023745903
380.8884842240985335593
380.88903254926873387376
380.889609050555634439661
380.890208573850145512552
380.890824870959249892621
380.891453799422151860199
380.892091848423888222896
380.892736018068148950988
380.893383841820309498871
380.894033288806440396002
380.894682735208562007756
380.895330909447238809662
380.895976832174369519635
380.896619784353902105067
380.897259249608111986163
380.897894885310620338714
380.898526481649582819955
380.899153933747697919898
380.899777215049255119084
380.90039635494423464479
380.901011421199484630051
380.901622504390786616568
380.902229706824414279254
380.902833133471801829728
380.903432885280608388712
380.904029054435909529275
380.904621722343279088818
380.905210965721153115737
380.905796798160906746489
380.906379266423869012215
380.90695840290106843895
380.907534226804898480623
380.90810674555126524865
380.908675956299248355208
380.909241847704549854825
380.909804401814199081855
380.910363595438013817329
380.910919401663306871342
380.911471791475662485027
380.912020734724308113073
380.912566201372442264983
380.913108162155026548135
380.913646589440531897708
380.914181457827965004981
380.914712744522375942324
380.915240429404605038144
380.915764495700727820804
380.916284929760422528489
380.916801720964883770648
380.917314862016212373419
380.917824349541717765533
380.918330179734994089813
380.918832354209939694556
380.91933087712016003934
380.919825754935800432577
380.920316995735902310116
380.920804605359251127084
380.921288552961641471484
380.921768440752714468545
380.922240312993039879075
380.922665533623103328864
385.51463338389157797792
385.51426706233763752607
385.513845827385750908434
385.513230579412663701078
385.512662318043567211134
385.512099551073276870738
385.511627650107755016506
385.511240972727875941928
385.510962024987065888126
385.510788183909482995659
385.51072104070772184059
385.510755237648766069469
385.510885302721305833984
385.511103686223179920489
385.511402466719289350294
385.511773172844584678387
385.51220735402279160553
385.512696657346680240153
385.513233116354342655541
385.513809204718540968315
385.514417997979933261377
385.515053235375091844617
385.515709703047377843177
385.516381148204629880638
385.517063465617127349105
385.517753178652185397368
385.51844734083982757511
385.519143532234693338978
385.519839778368464067171
385.520534509373874243465
385.521226507679443784582
385.52191484902527918166
385.522598865459826811275
385.523278092180078147067
385.523952234627643065323
385.524621129713011669082
385.525284716896123882179
385.525943011789763659181
385.526596083979256945895
385.527244039411755238689
385.527887005089610283903
385.528525117940716882003
385.529158515987148803106
385.529787331795034788229
385.530411687847447410604
385.531031694396290276927
385.531647453866469277273
385.532259007232596559334
385.53286642774895653929
385.533469773284195980523
385.534069087591944935411
385.534664401809948230948
385.535255736011265526031
385.535843100961756135803
385.536426500068500899943
385.537005930865007030661
385.53758138646679753947
385.538152857234308612533
385.538720331761794568592
385.539283798180633766606
385.539843244834344204719
385.540398661069389163458
385.540950037943446204736
385.541497368606485451892
385.54204064833697884751
385.542579875204467043659
385.543115049966274909821
385.543646175921139729326
385.544173259168758249871
385.544696309223297703284
385.54521533476872718893
385.545730349522784763394
385.546241369256392772513
385.546748411654164101492
385.547251495513251029479
385.547750636297280379949
385.548245807595549194957
385.548736581335901973944
385.54921874028326556072
385.549652060296864419797
390.139393791487407270324
390.13902905925232289519
390.138610344139124208596
390.138007267078990025766
390.137463850778260621155
390.136938922409001406777
390.13651644631084991488
390.136188541673902818729
390.135975459967426104413
390.135872449504688574962
390.135879353101074684673
390.135989369507399260328
390.136195910834146616253
390.136490561326240822382
390.136864750319830363878
390.1373095264743824373
390.137816090014041492395
390.138375849403189477016
390.138980672243576464098
390.139622938748971137102
390.140295669725048810506
390.140992588382516714773
390.141708444182199855277
390.142437025336619171867
390.143174294839013782621
390.143916842468229333463
390.144661801897598252253
390.145406828291640977113
390.146150027320970821165
390.146889906622959642846
390.147625323934789776104
390.148355429380842451792
390.149079624665148458007
390.149797512998304682696
390.150508863651793944882
390.151213574643350057158
390.151911643291782638698
390.152603140048995555844
390.153288186565475825773
390.153966938162739097606
390.154639568843947472487
390.155306260184943312197
390.15596719273895587321
390.15662253967838069002
390.15727246232637526191
390.157917107898526865029
390.158556611729238738917
390.159191049836636011605
390.159820528802583794459
390.160445138452928404149
390.161064953165009683289
390.161680033489403740532
390.162290427746768273209
390.162896173806132082973
390.163497301067366151983
390.164093832077639945055
390.16468578396938937658
390.165273170166358340794
390.165856001400868535711
390.166434287071922426549
390.167008035995365844428
390.167577257117557110178
390.16814196032260042557
390.168702156872143405053
390.169257859420326894906
390.169809082662879973213
390.17035584336082365553
390.170898160185004144296
390.171436053945456023939
390.171969548181323261815
390.172498665132252426702
390.173023431557396634162
390.173543875667178326694
390.174060027049904419982
390.174571915802687271935
390.175079567356704046688
390.175582959305643271364
390.176081629948043882905
390.176571094986229581991
390.177009685467339750176
394.76454436334472575254
394.764180991295233980054
394.763766498349355060782
394.763180013794055867038
394.762668559453629768541
394.762190613019640750281
394.76182792711699676147
394.761569764398302595509
394.761433590718581854162
394.761412179825470047945
394.761503365877445048682
394.761698740526753681479
394.76199049207480129553
394.762369281329824843851
394.762825865250420065422
394.763350817174284657085
394.76393501272497132959
394.764569659803328249836
394.765246509121652707108
394.765957899569968958531
394.76669685474132620584
394.767457135568065496045
394.768233499075677173096
394.769019841598378661729
394.769812242136083568766
394.77060740350020751066
394.771402579325126680487
394.772195538416212912125
394.772984499431572658068
394.773768077739816817484
394.774545233168112190469
394.775315213646251777391
394.776077511879918802151
394.776831817575782679342
394.777577980617138564412
394.778315974946963251568
394.779045869095455145725
394.779767800400691157847
394.780481953477305978595
394.781188542957693243807
394.781887798948389445286
394.782579956088284234283
394.783265245240045260289
394.783943887411908235663
394.7846160895412026548
394.785282042228288901242
394.785941918956382323813
394.786595836817241433891
394.787243940963776367425
394.787886358119919805176
394.788523197893823635241
394.789154554528465723706
394.789780508577280215832
394.7904011287337198155
394.791016473838112688099
394.791626594627530266735
394.792231535189785063267
394.792831334715970115212
394.793426028559281348862
394.794015649629159270262
394.79460022926463125259
394.795179797884998151858
394.795754385864825053432
394.796324024074408498564
394.796888743896374762699
394.797448577851184836618
394.798003559745552593085
394.79855372454557027595
394.799099108586688089417
394.799639750109577107651
394.800175685513693224493
394.800706955100110917556
394.801233599932288598211
394.801755661787865392398
394.802273182240128335252
394.802786196588670009078
394.803294685402192953916
394.803798148995042538445
394.804291829710052752489
394.804732770279940723412
399.390104934494729604921
399.389743996501806577726
399.389336533212031099538
399.388773210749491227034
399.388303100680843726877
399.38788375792557872046
399.387593528990805680223
399.387418125063959450927
399.387371568036030566873
399.387443780042190155655
399.387630308837117354415
399.387920991755265731626
399.388306714128589192114
399.38877719622740869454
399.389322543914488505834
399.389932905596651835367
399.390598901291923539247
399.391311617722863047675
399.392062775205090474628
399.392844756984572995862
399.393650675626247448236
399.394474408977259827225
399.395310785717640555958
399.396153896625548895827
399.396999999155582372623
399.39784596754122958373
399.3986892254566214433
399.399527701258818979113
399.400359765746827633848
399.401184176559809202445
399.402000025564518637111
399.402806684029542338976
399.403603758028395986912
399.404391042680174450652
399.405168484952810104005
399.405936148782643613231
399.406694186088088827091
399.407442811658086156967
399.408182282264363038848
399.40891287990825730958
399.409634897899536554178
399.410348630280964243866
399.411054363906316666544
399.411752372748082962062
399.412442914076166289306
399.413126226460349244007
399.41380252419349972115
399.414471969791236460878
399.415134750509594141477
399.41579103317735643941
399.416440965560866516171
399.417084678273226927558
399.417722286568960043951
399.418353892249967884709
399.418979585700469669973
399.419599447761470401019
399.420213551225799619715
399.420821962637887736491
399.421424743412217139849
399.422021951240253656579
399.422613641109478521685
399.423199865927983864822
399.423780677426861984713
399.424356126822033274948
399.424926264867337977194
399.425491142446105641284
399.42605081083047480206
399.426605321613067189901
399.427154726911055604432
399.427699079824776617897
399.428238431022748500254
399.428772834361893728783
399.429302343720053158904
399.42982701290316072118
399.430346894682656966324
399.430862033625885487709
399.431372411532947808155
399.431877485162431185017
399.432372216267992826033
399.432812528527790618682
404.016096867890780686139
404.015741071959610053455
404.015344891516349434823
404.014813963845369926275
404.014397262459795001632
404.014050919262160732615
404.013848203231418665382
404.013770509837058853009
404.013827641425450565293
404.01400629737861436297
404.014299482660248941102
404.014695190666486723785
404.015182989830009319121
404.015751713890495011583
404.016390907233983398328
404.017090406932709356624
404.01784070238369395156
404.01863288677509444824
404.019458776970850522048
404.020310920100484963768
404.021182630894429621549
404.022068005764140252722
404.022962024657147139806
404.023859073618609727419
404.024755661540552864608
404.025648900023327314557
404.026536438818254737271
404.027416415207881073002
404.028287393724781395576
404.029148309808761041495
404.02999841743098841107
404.030837236183856475691
404.031664506618483301281
404.032480146607156257232
404.033284214692685054615
404.034076876692211044428
404.034858377719501731917
404.035629018098916276358
404.036389133418538222031
404.037139078552456794569
404.037879214559438878496
404.03860989869843933775
404.039331477027531036583
404.040044279211997491075
404.04074861529335294108
404.041444774698106812139
404.042133011433861611295
404.042813536699725318613
404.043486581619902153761
404.044152354426898909878
404.044811042149092372711
404.045462812741163816099
404.046107817026495467871
404.046746190692715572368
404.047378056356592423981
404.048003525547585468303
404.048622700265752882842
404.049235674818646657513
404.049842537021731914137
404.050443369596052889392
404.051038251333068274107
404.051627257737436593743
404.052210461924062201433
404.052787935396736429539
404.053359748174671040033
404.053925969348881608312
404.054486667428875534824
404.055041910348734290892
404.055591765681697324908
404.056136301002311483899
404.056675580849741891143
404.057209672148474055575
404.057738641074138286058
404.058262552833355130133
404.058781470620147047157
404.059295447110287113901
404.059804462755778331484
404.060307923720301914727
404.06080050279047100048
404.06123718612627726543
408.642543269519762816344
408.642197466054085452924
408.641818709096867223707
408.641332690450440168206
408.640984551176472905354
408.640728564165783609496
408.640630687590487468697
408.640667209731589082367
408.640842862580996097677
408.641140825634408884071
408.641551387296658504056
408.642060720862389189278
408.642657172698307022074
408.643328847486884569662
408.644064907673168818292
408.644855068735978420591
408.6456898764415086589
408.646560607488595451287
408.647459340255295501265
408.648378934480888347025
408.649313041476091257209
408.650256094201438372693
408.651203310731489182217
408.652149481131800712319
408.653091443601681476139
408.654026615033274083544
408.654952927760291458981
408.655868775955127603083
408.656772957391922318493
408.657664617968919174018
408.65854320054677373264
408.659408394557544852432
408.660260092438818446681
408.661098348476173214294
408.661923343563387334143
408.662735353663322257489
408.663534723346288046741
408.664321843121513211372
408.665097130748392828536
408.665861016315830056556
408.666613930154539957584
408.667356293659565835696
408.668088512557858393848
408.668810972330277309084
408.669524035810638906696
408.67022804526266099856
408.67092328674146983758
408.671610024862559384928
408.672288534121832981327
408.672959063305540894362
408.673621837930738820432
408.674277062559383466578
408.6749249228658982247
408.675565587711105308699
408.676199211233608821203
408.67682593492230580523
408.677445889250805066695
408.678059195540072323638
408.678665967253607504972
408.679266311378796672216
408.679860329710606947629
408.680448119558434427745
408.681029774620128591778
408.681605385849877620785
408.682175041688367400639
408.682738828594324331789
408.68329683145105946096
408.683849133648493534565
408.684395817318659283046
408.684936963588199887454
408.685472649970449765533
408.686002955477533760131
408.686527957585610693059
408.687047731800362271315
408.687562350434234303975
408.688071872481430091284
408.688576273487456091971
408.689074900229002196284
408.689562126783982876077
408.689992195252671081107
413.269469186841888586059
413.269141105680546388612
413.26878833858523876188
413.268363703879344939196
413.268102664109676425142
413.267957295911571691249
413.267983394425812093687
413.268151424617940392636
413.268460210162288603897
413.268889291731852608791
413.269426231075954092375
413.270055582442864761106
413.270764715943244027585
413.271541293855079857167
413.272374378349866219651
413.273253832100408544648
413.274170502697302254091
413.275116069463365420233
413.276083065787929626822
413.27706483153326644242
413.27805550004796941721
413.279049966606919497281
413.280043767844972535386
413.281032208095496116584
413.282012531237853636412
413.282982522735494512744
413.283940448209989426687
413.284884999957967011142
413.285815241762634286715
413.28673055588791385162
413.287630594306051534659
413.288515231581527586968
413.289384523491321488109
413.290238668840913760505
413.291077976424674034206
413.291902835774919822143
413.292713692677239123441
413.293511028296109088842
413.294295342043881191785
413.295067137980140614673
413.295826913910786970519
413.296575153194908125442
413.297312318819990650809
413.298038849523436510935
413.298755158436563306168
413.29946164410858955307
413.300158603077704810858
413.300846368030136090965
413.301525250953091017436
413.302195538067167035479
413.302857490884889557492
413.303511348276913395239
413.304157328575229257694
413.304795631711272108078
413.305426441327540487691
413.306049926911839520471
413.306666245524866099004
413.307275543668424688803
413.307877958682297503401
413.308473620111499258201
413.309062651069098137668
413.309645169037480627594
413.310221286723788125528
413.310791112976119165978
413.311354753129705841275
413.311912309532544895774
413.312463881989629044256
413.31300956790738609925
413.313549462552600743948
413.314083659179345886514
413.314612246912076898298
413.315135315409293070843
413.315652951983224738797
413.316165240869224817288
413.316672261633982543572
413.317174077075435434381
413.317670653113395928813
413.318161266268759845843
413.318639980647560605576
413.319060499621571125317
417.896901786909438669682
417.896603067226180883154
417.896287880414888604719
417.895945708723161260423
417.895793707332188660075
417.895781651003744627815
417.895951709417374786426
417.896268074350871302158
417.896722977699710099841
417.897292516152901953319
417.897961767099047847296
417.898714101735151871253
417.899536338731422802084
417.900416122605406599178
417.901342794536503788549
417.902306700309509324143
417.903299277453697868623
417.904312852073871908942
417.905340617831029703666
417.90637656527138688034
417.907415452462601024308
417.908452761950968579185
417.909484400320536678919
417.910506297256290508813
417.911516170244169643411
417.912512224341810451733
417.913493096889851585729
417.914457807736880567973
417.915405708555056207842
417.916336433799472160899
417.917249855507975553337
417.9181460402542711563
417.919025210925894953107
417.919887712032618765079
417.920733979545616421092
417.921564514350961871969
417.922379860128330619773
417.923180584587157682108
417.923967264140003408102
417.924740471834525123995
417.92550076777689582741
417.926248692042236143607
417.926984759659774226748
417.927709457476339593995
417.928423243590032143402
417.929126560139593493659
417.929819731280360883829
417.930503135862920771615
417.931177122423150649411
417.931842011266553527093
417.932498096229323891748
417.933145646876425871596
417.933784910711153770535
417.934416115401575098076
417.935039470919662107917
417.935655171708049238077
417.936263398506582689151
417.93686432021701193662
417.937458095386887180211
417.938044873578633087163
417.938624796766703184403
417.939198000242186026298
417.939764613466593345947
417.940324761001477327227
417.94087856295868732559
417.941426135540211816988
417.941967591504408119363
417.9425030403572236537
417.943032588618393674551
417.943556339797453347273
417.944074392850893673312
417.944586846227991827618
417.945093795162790684117
417.945595330589640070684
417.946091536877872840705
417.9465824772642008611
417.947068101920365279511
417.947547603806242477731
417.948014724258939622814
417.948422845607240105892
422.524870504033515317133
422.524618086799307548063
422.52435565541679807211
422.524122060874901762872
422.524103941082898927561
422.524249213093810340069
422.524582466930667123961
422.525061735639781090867
422.525672316337022493826
422.526387516822126144689
422.527190497569790750276
422.528064149091733270325
422.528995341220706905005
422.529972245571457278857
422.530984932632804884634
422.532024605414392226521
422.533083593935486987903
422.534155114616794435278
422.53523321598976281166
422.536312693666218365252
422.537389054531558940653
422.538458489265622120001
422.539517255331304568244
422.540562039708504471491
422.541591081451429090521
422.542603035186402848922
422.543596930432272529288
422.544572128286631595984
422.545528276323580030294
422.546465264658934302133
422.547383185343903733155
422.548282294104410539148
422.549162976083721332543
422.550025715096182921116
422.550871066866932324047
422.551699635535896959482
422.552512054176872879907
422.553308968370458842401
422.554091022843920200103
422.554858851076915016165
422.555613067130082072254
422.55635425971661334188
422.557082988146760271775
422.557799779927961481008
422.55850513068259033389
422.559199515244188205543
422.559883289801064165658
422.560556866862043534638
422.561220625978194220806
422.561874916405940894037
422.562520059328619481676
422.563156350221561297076
422.563784061177443618362
422.564403443237210922234
422.565014728566268331633
422.565618132622432767675
422.566213856077411037404
422.56680208667194165173
422.567383000761196854
422.567956764701648353366
422.56852353624674378807
422.569083465539677035849
422.569636695986332597386
422.570183365173875245091
422.570723605400303313218
422.571257544236175363039
422.571785305006926591886
422.572307007010806501057
422.572822765774731124111
422.5733326928081510232
422.573836894771147854044
422.574335476690009727463
422.574828539375118907628
422.575316177951776808186
422.575798478514968792297
422.576275500374777038814
422.576747170122871466447
422.577212581040896566265
422.577665137625444913283
422.578058132473131536244
427.153407139252237811888
427.153225078928301172709
427.153034484615432120336
427.152940553691792047175
427.153082754481431493332
427.153408758086868601822
427.153921388293895233801
427.154573595400222529861
427.15534393278949210071
427.156204152979853461147
427.157136416083972108027
427.158124083712834817561
427.15915481421666299866
427.160217921720516187634
427.161304678042370142066
427.162407511778894786403
427.163519925016373690596
427.16463623668244053988
427.165751509461927071243
427.166861462543806737813
427.167962441133909123891
427.169051474142065671913
427.170124993840545357671
427.17118067674448411708
427.172217276032426980237
427.173233896784154239867
427.174229960255331661756
427.175205164981662164791
427.176159447282088876818
427.177092943156367255142
427.178005953070055511489
427.178898909047177312459
427.17977234497465133245
427.18062687012076139581
427.18146314611078651069
427.182281866699497641093
427.183083741082725737215
427.183869479918882916536
427.184639783998534312559
427.185395335573389274941
427.186136791610181262513
427.186864779011500559136
427.187579891512939411768
427.188282687971252471471
427.188973692498507261917
427.189653402424255546066
427.190322202918252969539
427.19098053135934378588
427.191628791099219597527
427.192267353856550471392
427.192896562094631462969
427.193516731470992908726
427.194128153232554723218
427.194731096636360234697
427.195325811170391716587
427.195912528693838794425
427.19649146543230244788
427.197062823820601806801
427.19762679407989480751
427.19818355562927081337
427.198733278456870721129
427.199276124169898594118
427.199812246900307854958
427.200341794201051470736
427.20086490762304265445
427.201381723295355641312
427.20189237241550017643
427.202396981480433169054
427.202895672513136560156
427.203388562449106302665
427.203875763253563491162
427.204357384014656418003
427.204833528365270467475
427.205304292581672598317
427.20576976070151431486
427.206229982562263103318
427.206684851286411230831
427.207133341222800027026
427.207568505409369663539
427.207943793967103829345
431.782545885343722602556
431.782467583579830261442
431.782371540503675078071
431.782452386209911310289
431.782780516978277773887
431.783307169225963662029
431.784009368294107389374
431.784837460581854884367
431.785764112985361862229
431.786761371873069492722
431.787811604187652392284
431.788899762766561707394
431.790015077767350248905
431.791148613159748492762
431.792293269817605505523
431.793443012441343853425
431.794592731677937536006
431.795737999673008289392
431.796874994957647686533
431.798000426404428253591
431.799111516197115179239
431.800206178779205856699
431.801280930692087167699
431.802334567745106141956
431.803366315221296645177
431.80437570945792913335
431.805362544663637436315
431.806326836251059830829
431.807268787399607390398
431.808188757515381439589
431.809087233028606078733
431.809964800212753743835
431.810822120408204227715
431.811659907942839708994
431.812478910971378809336
431.813279894581057760661
431.814063626905294768221
431.814830867586579188355
431.815582358435563037347
431.816318816438467820262
431.817040928390269982629
431.817749347192375353188
431.818444689638681666111
431.819127535305199216964
431.819798426663737700437
431.820457873210330035363
431.821106282942366760835
431.821744109802921229857
431.822371773127031246986
431.822989659835855036363
431.823598126878096081782
431.824197503718892221514
431.824788094747702871246
431.825370181752759890514
431.825944026188778934738
431.826509871261805528775
431.827067943966255825217
431.827618456915615752223
431.828161609913024676644
431.82869759138679910393
431.829226579727105672646
431.829748744354674272472
431.830264246658089177799
431.830773240865084972029
431.831275874640311940311
431.831772289665138941928
431.832262622123778328387
431.832747002934013380582
431.83322555795672315071
431.833698406681605774793
431.834165663829992354295
431.834627439757412048493
431.835083837788204164099
431.835534951712020301784
431.83598085886825401758
431.83642159266042881427
431.836857000441000309365
431.837285915077018216834
431.837701024468742616591
431.838056203069299954223
436.412323242586751348426
436.412393973686221215758
436.412417401941411299049
436.412709879605756668752
436.413244971593655918696
436.413984988347635862738
436.414877696062148970668
436.415875090740144059964
436.416945454621043154475
436.41806349699720612989
436.419213128596254591685
436.420382037086426407768
436.421561728945505365118
436.422745522667639761494
436.423928261487219515402
436.42510564934195826936
436.426274084488113658153
436.427430458341063967964
436.428572094141998150008
436.429696694342283080914
436.430802336372266836406
436.431887627956086816994
436.432949630803364016174
436.433987852516509065026
436.435002021173488628847
436.435992081468327796756
436.436958166919680479623
436.437900574353307092679
436.438819738937070269458
436.439716210088249681576
436.440590628695872510434
436.441443705780216077983
436.442276202721359368297
436.443088913517442506418
436.44388264940113231205
436.44465822518230879723
436.445416448037178724917
436.446158108285260368575
436.446883971909755928209
436.447594775110644604865
436.448291220207693186239
436.448973972896283157752
436.449643660808817458019
436.450300872890295522666
436.450946159275133595656
436.451580031201785914163
436.452202912085965635924
436.452815263990089533763
436.453417514152818057482
436.454010057084758500423
436.454593257060992073093
436.455167450646172255802
436.455732949072341853025
436.45629004071980716617
436.456838993420944916579
436.457380056472857177141
436.457913462671967863571
436.458439430130283653853
436.458958163807949404145
436.459469856955990962888
436.459974692414846231259
436.460472843669208486972
436.460964475801631579088
436.461449746335404142883
436.461928805831973932072
436.462401798449889156473
436.462868862398636338185
436.463330130154588459845
436.463785728743800973461
436.46423577698953977233
436.464680389885756994772
436.465119675894982265163
436.465553734531113150297
436.465982652812158448796
436.466406495695309786242
436.466825271487550708116
436.467238766737409605412
436.467645647188817292772
436.468038225472810154315
436.468371091755386714794
441.042777783640758570982
441.043057109531559945026
441.04322380384132884501
441.043762489579137309192
441.044515984773397576646
441.045470732804005820071
441.046542596794040491659
441.047691392036995239323
441.048882901707258952229
441.050097134167458534648
441.051320757001121819485
441.052545174457520715805
441.053764659506043699366
441.054975098165982672072
441.056173417169873118837
441.057357120327822030958
441.058524114599208587606
441.059672581188067397306
441.060800939289663347154
441.061907825917785430647
441.062992102043779141241
441.064052934084998014441
441.065088075247956567182
441.066097574140314918623
441.067081599980610917555
441.068040453214337048848
441.068974555598799724976
441.069884436855659259891
441.070770718990161185502
441.071634099902041725727
441.072475337019398011762
441.073295231585063902457
441.074094613685929289204
441.074874328577152482467
441.075635224799896150216
441.076378143511988128012
441.077103909710558582447
441.077813325095462460013
441.078507162249309203617
441.079186160537688010663
441.079851023121250364056
441.080502415018600004259
441.081140962294739438221
441.081767251791461603716
441.082381830574945524859
441.08298520143449650277
441.083577795465089366189
441.084160074371880000399
441.084732465197816964064
441.085295362399676832865
441.085849130378733207181
441.0863941060549109352
441.086930601191340883815
441.087458904826576144842
441.087979285592837186414
441.088491993644709054934
441.088997262645648334001
441.08949531155985823716
441.089986346121179394686
441.090470560259461763053
441.090948137357543146209
441.091419251264994727535
441.091884067246326139866
441.092342742787877796218
441.092795428174667904386
441.093242267008122325933
441.093683396594599344098
441.094118948101481691992
441.094549046742429254664
441.094973808258316694264
441.09539334458003168038
441.095807758966031997261
441.096217143218268574856
441.096621572572587410832
441.097021092684030918463
441.097415676111268112436
441.097805030653489666292
441.09818762700348315775
441.098555400114321400906
441.098863978192923696042
445.67394972280573028911
445.674512902172750727914
445.674839482522656908259
445.675650796865738811903
445.676618804208601432038
445.677774504692706614151
445.678999833962961929501
445.680270261776399820519
445.681550812994487387186
445.682829315116634916194
445.684095984435373338783
445.685346581017654443713
445.686578308960747563106
445.687789683827531916904
445.688979655003436164407
445.690147432940477756347
445.691292315047633110225
445.692413651413971820148
445.693510837586870820815
445.694583331296087180817
445.695630665168437190005
445.696652439197521289316
445.697647110055299890519
445.698615155261222753325
445.699557098562706869416
445.700473523697098698904
445.701365076442698409664
445.702232461826099552127
445.703076437090260242258
445.703897802487290391582
445.704697390820740565687
445.705476056811278340319
445.706234666455884507741
445.706974086967761650158
445.707695177966058963648
445.708398783429743161832
445.709085725024294788454
445.70975679675308356309
445.710412760548479127465
445.711054343278533451667
445.711682234677425640257
445.712297086044202387711
445.712899509897397365421
445.713490079924326892069
445.714069329862581980706
445.714637744473975544679
445.715195755008664946217
445.715743814555537483102
445.716282342077079192677
445.716811724568287900183
445.717332319598824597051
445.717844457931960278074
445.718348445785920830531
445.718844567162932435167
445.719333086146093592106
445.719814248737407069711
445.720288284751234186842
445.720755409566208982142
445.721215825511876573728
445.721669723249760863837
445.722117282982935648761
445.722558675409118222888
445.722994062637610568345
445.723423598949125334912
445.723847431329772916797
445.724265699927457262675
445.724678538336547717336
445.725086073634884087369
445.725488426253662055387
445.72588570655290141076
445.726278019865560509061
445.726665460668812102085
445.727048108650535596098
445.727426021406188283436
445.727799216938478821248
445.728167619193357040785
445.728530836471350085048
445.728887115938050555997
445.729228026365319692559
445.729510594613202556502
450.305880245411231044272
450.306816939981729319697
450.307303592556820603932
450.308398534748846486764
450.309556511857579153002
450.310881883452339025098
450.312220418358663209801
450.313572004424713668413
450.314901791473005232547
450.316207403712610357616
450.31748271962760554743
450.318728030217300783988
450.319943257567615546577
450.321129346634052126319
450.32228701392040193241
450.323416945317774207069
450.324519609424953614507
450.325595331113163410919
450.326644308694881146948
450.327666667151277124503
450.328662472118935511389
450.329631632847508626583
450.330573259847199096839
450.331488155202066536731
450.332377102206123709038
450.333240886221744858631
450.334080306517648750742
450.334896182081592996838
450.335689351831661042525
450.336460671480381279252
450.337211008089809638477
450.337941233702963472751
450.33865221836185810389
450.339344823085923508188
450.340019893612975465658
450.340678254534680036159
450.34132070435202876979
450.341948011582758226723
450.342560911490863873041
450.343160103951390738075
450.34374625209125042602
450.344319981457886115095
450.344881879976639993401
450.345432498000718624098
450.345972346593953261618
450.346501883833809642965
450.347021534180157686933
450.347531734266738112638
450.348032887514875710622
450.348525366512546952436
450.34900951552305059522
450.349485653106569316151
450.349954074304719142674
450.350415052821745121037
450.35086884325471601187
450.351315682831398135022
450.351755793175982489629
450.352189381997391137702
450.352616644380702837225
450.353037764094153772021
450.353452914743343171722
450.353862260645882997778
450.354265957695020006213
450.354664154055910785246
450.355056990631283042603
450.355444601434101059567
450.355827113728480526333
450.356204647876836588694
450.356577316777702435502
450.356945222808690232341
450.357308461347656702856
450.357667114178354950127
450.358021243897781005217
450.358370883639679504995
450.358716013829905477905
450.359056494659625968779
450.359391811964883345354
450.359719963366103456792
450.360032185362570089637
450.360287309857483251108
454.93861054678291111486
454.940017985722533921944
454.940636580913576381135
454.942003378387312295672
454.943303017117727904406
454.944749477630296041752
454.946148593472457832831
454.947533158098622152465
454.948867807244710093073
454.950161047972699179809
454.951409736104437797621
454.952618383505182464432
454.953789067219474873127
454.954924740999842924793
454.956027481906858156435
454.957099121430246668751
454.958141012878286346677
454.959154216758861366543
454.960139529888238030253
454.961097570757317498646
454.962028788672398604831
454.962933285065673771896
454.963810744976456135191
454.964662188192562553013
454.965488561171241599368
454.966290768444821424055
454.967069692781421963446
454.967826207479561162472
454.968561182014070709556
454.969275483518458713661
454.969969975224046265794
454.970645513401109383267
454.971302943255409445555
454.971943094310574906558
454.972566776147743894398
454.973174774261337915959
454.973767846460134478548
454.974346720096434637526
454.974912089672557158337
454.975464615324938222329
454.976004921979949813249
454.976533598837193039799
454.977051199486538735073
454.977558241966505647724
454.978055206622741479805
454.978542517247717569262
454.979020585437240242754
454.979489824022778066137
454.979950614038784806326
454.980403307382175626117
454.980848229210948829859
454.98128568048412034841
454.981715940047422463977
454.982139266626063545118
454.98255590094476019658
454.982966067351583205891
454.983369975429241094389
454.983767821595904479182
454.984159790290618730069
454.984546055179748691444
454.984926780244904875872
454.985302120567439487786
454.985672223112089795904
454.986037227346912459325
454.986397265611174134392
454.986752463374045873934
454.987102939194130613032
454.987448804297230253724
454.987790161491886919976
454.988127102482224017876
454.988459709329390534549
454.988788046927652430895
454.989112155214229460398
454.98943203502631149604
454.989747617695513781655
454.99005868246422323864
454.990364568788550059253
454.990663005691374110029
454.9909449645373911153
454.991171540806305984006
459.572180472407126217149
459.574146942589720765682
459.574829320363562601415
459.576428105293871340109
459.577798510225306927168
459.579303612256580890971
459.580703079801082822087
459.582069227171984948654
459.583363771306721901055
459.58460611236841941718
459.585794697280675791262
459.586937547732361508679
459.588038090383463440958
459.58910072894133236332
459.590128412991248296748
459.591123743784919497557
459.592088647097909870354
459.593024666746885031898
459.59393298816701189935
459.59481454919040288587
459.595670038993375783321
459.596499652257705292868
459.597303553804579223652
459.598082873976068185584
459.598838630763054879935
459.59957177153199836539
459.60028319897480741929
459.600973787405621351354
459.601644391851039017638
459.602295852588838442898
459.602928996276602902071
459.603544635234186443995
459.604143565431229490059
459.604726563649080617324
459.605294384696264842205
459.605847758547099601856
459.606387387737811422994
459.606913945411861277535
459.607428073572748417064
459.607930381983578627114
459.608421447663204162382
459.60890181456267100657
459.609371993720174032205
459.609832463268787705601
459.610283666452289708104
459.610725986071145143796
459.611159816027850411047
459.611585538344513679476
459.612003505644111100992
459.612414043692524501239
459.612817453561547154095
459.61321401398748776046
459.613603983324424007151
459.613987601320616249723
459.6143650910818223565
459.614736660572816617787
459.615102504049673370901
459.615462803552247805783
459.615817729977493399929
459.616167444157667887339
459.616512097872998765524
459.616851834535282250727
459.617186789868185314845
459.617517092433388370409
459.617842863872510861256
459.61816421901562534913
459.618481265617106146237
459.618794103584264121309
459.619102823284151781991
459.619407503059790087718
459.619708208252461645316
459.620004982428724815691
459.620297836755128173536
459.620586731001822045073
459.620871534509035427618
459.621151926987067781738
459.621427078743295169261
459.621694444104036847421
459.621944842091807004181
459.622142146031478660007
464.206626398496439378505
464.209200280898812707164
464.209832731259780302935
464.21159458970493005836
464.212949469016336934146
464.21444326435295124611
464.21578201790856610387
464.21708025614009329729
464.218293245116569778475
464.219450156290861286834
464.220549294014176666678
464.221601220957609257312
464.222609832665227713733
464.223580381311762721452
464.224516198883407014364
464.225420287194651791651
464.22629484691634615956
464.22714166874652619299
464.227962133530297705875
464.228757340878246395732
464.229528095505429519108
464.230274614387781184632
464.230997436863049188105
464.231697702261556059966
464.232376419572119630175
464.233034514313317231426
464.233672856286716523755
464.234292277179633856576
464.23489358116398761922
464.235477551026576747972
464.236044950883638193773
464.236596526928849471005
464.23713300680600468695
464.237655097997048869729
464.238163486060784634901
464.238658832682062893582
464.239141773772644228302
464.239612918078762504592
464.240072845891575070709
464.240522108211450813542
464.240961226443062059843
464.241390692174661580793
464.241810967288586198265
464.242222483849388936505
464.242625642574239464011
464.243020782135261015355
464.243408272554688664968
464.243788458991673451237
464.24416166073626754951
464.24452817297293449883
464.244888268612498904986
464.245242200392567610834
464.245590202663152012974
464.245932492928261581255
464.246269273616235295776
464.246600733445404785016
464.246927048665838810848
464.247248384419435751624
464.247564895699326825707
464.247876728280459701637
464.24818401963909764163
464.248486899533475025237
464.248785490555007982039
464.249079908545013495313
464.249370262682077736827
464.249656655397643589822
464.24993918184424046558
464.250217928696429225965
464.25049297176269647025
464.250764373405559126695
464.251032178853392906603
464.251296405768414388149
464.251557030070841847191
464.251813961049833778816
464.252066992341497098096
464.25231568538174542482
464.252559022660420851025
464.252794197569187417685
464.25301204745966288101
464.253179792635876310669
468.841977187493966994225
468.845093448755449117016
468.845551579603068148572
468.84738352959328722136
468.84863474124438198487
468.850047505306235962053
468.851271243845644676185
468.852458552048005913093
468.853555535912789764552
468.854598743029555407702
468.855584861493753123796
468.856525879935759348882
468.857425403663057750236
468.85828896479364402694
468.859119859230531801586
468.859921166885840193572
468.86069511282829580523
468.861443535328419329744
468.862167850450134665152
468.862869190451704071165
468.863548380572296991886
468.864205622467864031933
468.864841714185331511544
468.865457715196498611476
468.866054561823204949178
468.866633108391624773503
468.867194152175954968698
468.86773844987067150214
468.868266728076832805527
468.868779689819007217011
468.869278017941610414709
468.869762376617700283532
468.870233411534343304083
468.870691749069408160722
468.871137995199262604729
468.871572734169603791088
468.871996527090232120827
468.872409910913631847507
468.872813397465961315902
468.87320747277846066936
468.873592596880882865662
468.873969203628007562656
468.874337700722378485807
468.874698469387567456579
468.875051861319889212609
468.875398177708063940372
468.875737750521295765793
468.876070885203716898104
468.876397864105683765956
468.876718948413213183812
468.877034379728002022603
468.877344381869022527098
468.877649162459022136318
468.87794891422760201749
468.878243816554913792061
468.87853403669453200564
468.878819730818293010088
468.879101045219385923701
468.879378117160172223521
468.879651075641731949872
468.879920042211779218633
468.880185131437940526666
468.880446451313332545396
468.880704103540438154596
468.880958183443738107599
468.881208779645703543792
468.881455973217896371352
468.881699835985727986554
468.88194042736557776152
468.882177791276660627773
468.88241194958533242243
468.882642889561850552127
468.882870545406319706672
468.883094766472879655339
468.883315257202241355117
468.88353144374502790015
468.883742109778154372179
468.883944227865470111283
468.884128890804390721314
468.884267283298981965345
473.478247318806438670435
473.481527497084243805148
473.481852773125581279601
473.483642523753758268867
473.484717719512900657719
473.485986612791691641178
473.487054686183057583548
473.488097385973901509715
473.489053168910686508752
473.489961756309128304565
473.490817814589092904498
473.491633480283724111359
473.492411630116635024024
473.493157568848687333229
473.493874267135879563284
473.49456462668689482598
473.495230714147510298062
473.495874263859377606423
473.496496608866664246307
473.497098818853203283652
473.497681678791423109942
473.498245368956759193679
473.49879081990945906
473.499318942529043852119
473.499830557644543205242
473.500326415576296312793
473.500807214899339214753
473.501273616143521394406
473.501726251035847781168
473.50216572854759533584
473.502592638322425955266
473.503007552440749350353
473.503411026008450335212
473.503803596813895637752
473.504185784661615343794
473.504558090463831376837
473.50492099519811972641
473.505274959132179901644
473.505620421088110560959
473.505957797892335747747
473.50628748420814417841
473.506609852382382541691
473.506925252381904556387
473.507234011288744568446
473.507536429110814424348
473.507832770280003842345
473.508123320956713087071
473.508408343695577968901
473.508688081232492095296
473.508962758295297135192
473.509232582909874054167
473.509497747871932915587
473.509758432105741121632
473.510014801736133449594
473.510267011382211421733
473.510515205223498469422
473.510759517858730305306
473.511000075325625857658
473.511236995834224217106
473.511470390378121919639
473.511700363405395819427
473.511927013182571499783
473.512150432044848002988
473.512370706520641761017
473.512587917055896014062
473.512802137406993097102
473.513013433426806386706
473.513221860814894625946
473.513427461122660133697
473.513630257658007849386
473.513830246070710927597
473.514027379224444302963
473.514221543755127186159
473.514412520591065458575
473.514599913316146739817
473.514783000045952121582
473.514960365965009714273
473.51512883299142231408
473.51528005217403460847
473.515389825703664428147
478.11543003652582228824
478.118288022230160549952
478.118608755931973064435
478.120162293009002496547
478.121062326298329026031
478.122135200099648955074
478.123025056191920612036
478.123899382302511185117
478.124698721692368508229
478.125459000538967302418
478.12617435452187919509
478.126855461553702753008
478.127504517220131674549
478.128126129092606788618
478.128722817502421094105
478.129297113860047829803
478.129850819046225751663
478.130385460104662342928
478.130902212405430873332
478.13140202089738295399
478.131885570401720997324
478.132353133485764828947
478.132805545253745549417
478.133243557797584344371
478.133667855231237808766
478.134079065943694786256
478.134477775408129218704
478.134864536436793969187
478.135239876555374394229
478.13560430306296211711
478.135958306100690151652
478.136302360361071350781
478.136636925824120680772
478.136962447711823642749
478.137279356105182159808
478.137588065339059539838
478.137888973256337976636
478.1381824606159511859
478.138468890540536904155
478.138748608079197310872
478.139021940048223768827
478.139289194896036860882
478.139550662591602758766
478.139806614095448367152
478.140057297433088479011
478.140302938156196432828
478.140543772191279003891
478.140780016922860795603
478.141011873711363477923
478.141239529230972493679
478.141463156459167294088
478.141682915801197850669
478.1418989561888110984
478.142111415945578301034
478.142320423810531337949
478.142526099832480213081
478.142728556062365896651
478.142927897366803335899
478.143124222039318738098
478.143317622268511968286
478.143508184643621916621
478.14369599040713865179
478.143881115550072991027
478.144063630752214066888
478.144243600905610946938
478.144421084202804195229
478.144596130507011366717
478.144768778519789975689
478.144939050922744172567
478.145106948766454024735
478.145272439397160724184
478.145435438311096731923
478.145595780287635534478
478.14575317175876989495
478.145907107829430060519
478.146056713123925874243
478.146200388822649074427
478.14633490425433137716
478.146452818877492063621
478.146535222527177211305
482.753446535822149598971
482.755237162608011658449
482.755696935422292881412
482.756804960863235010038
482.757554550604083942744
482.758380889723184736795
482.759092734422267767513
482.75978365195078367833
482.760420221466006296396
482.76102463571436373968
482.761594107068162884389
482.762135836146626388654
482.76265189445274472746
482.763145731971917484771
482.763619453083890675771
482.764075078823566400388
482.76451410610354741948
482.764937792703790364612
482.765347120320370777335
482.765742876941999384144
482.766125646030161533417
482.766495802059182551602
482.766853977615767234965
482.767200756366548830556
482.767536677396492450498
482.767862239946452973527
482.768177910544466158171
482.768484129658588699385
482.768781316956051341549
482.769069875140758085763
482.769350192472188609827
482.769622644275216316601
482.769887593690668836643
482.770145391844323512487
482.770396377684903654881
482.770640877623691267218
482.770879205064886718901
482.77111165997649777637
482.771338528500507436547
482.771560082642167799349
482.771776580108905818634
482.771988264203059770807
482.772195363714672566857
482.77239809256070657284
482.77259664773333724952
482.772791212633421764622
482.772981970900843862182
482.773169093580634125829
482.773352739733979888115
482.773533057125973755319
482.773710182890113173926
482.773884244304326784913
482.774055359594456149352
482.774223638625755938847
482.774389183652431256633
482.774552090007034621522
482.774712446662306319922
482.774870336819731164724
482.775025838383783138852
482.775179024311512421264
482.775329962930129568122
482.77547871807195178917
482.775625349026938692987
482.775769910279109353723
482.775912450825103405805
482.776053012954207588336
482.776191630177208935493
482.776328323776056095085
482.776463097279417979735
482.776595928573669880279
482.77672675590895323694
482.776855456281396072882
482.776981811091957297322
482.777105450506439865421
482.777225760292594713974
482.777341716688567885285
482.777451566656793602306
482.777552141531430152099
482.777637260096184945724
482.777693960189481003908
)
;

boundaryField
{
    bottom
    {
        type            fixedValue;
        value           uniform 300;
    }
    leftLet
    {
        type            zeroGradient;
    }
    rightLet
    {
        type            zeroGradient;
    }
    frontAndBack
    {
        type            empty;
    }
    Helium_to_topWall
    {
        type            compressible::turbulentTemperatureCoupledBaffleMixed;
        refValue        nonuniform List<scalar> 
80
(
485.570393150315567254438
485.571304098049552067096
485.571848771002862577006
485.572622521926973604423
485.573277990540418613818
485.573939868828119870159
485.574543798722686460678
485.575119021341436109651
485.575656267870613191917
485.576164354197373995703
485.576644385641088774719
485.577100512212382454891
485.577535088695299236861
485.577950672760380257387
485.578349169613375124754
485.578732244451884980663
485.579101210367866769957
485.579457145664434847276
485.579800908672382320219
485.58013318565485860745
485.580454507389845275611
485.580765287946690023091
485.581066025682389408757
485.581357201020978209272
485.581639264054501836654
485.581912634614752732887
485.582177706148911511264
485.582434850225865829998
485.582684420494842925109
485.582926755752168901381
485.583162182088244662737
485.583391014251446904382
485.583613556383738796285
485.58383010229738374619
485.584040935437940333941
485.584246328661606639798
485.584446543923945682764
485.584641831953433666058
485.584832431953543618874
485.585018571370198969817
485.585200465737443664693
485.585378318586208479246
485.585552321358704830345
485.585722653222319422639
485.585889480671426099434
485.586052959976882448245
485.586213243005090589577
485.586370472500789219339
485.586524781684033769125
485.586676294527023856062
485.586825126240796635102
485.586971383844002048136
485.58711516676709152307
485.587256567459917278029
485.587395671972785748949
485.587532560505337642098
485.587667307908418479201
485.587799984131038399937
485.587930654598949331557
485.588059380511538165592
485.58818621903355960967
485.588311223357436574588
485.588434442584173211799
485.588555921326019415574
485.588675698908332378778
485.58879380797799285574
485.58891027217066493904
485.589025102329969740822
485.58913829053392419155
485.589249800930133460497
485.589359554693260179192
485.58946740640880079809
485.589573106688590087288
485.589676242236350844905
485.589776137828209812142
485.589871691004645981593
485.589961081793717312394
485.590041245514839829411
485.590106927108536183368
485.590149142652194313996
)
;
        refGradient     uniform 0;
        valueFraction   nonuniform List<scalar> 
80
(
0.82333138173273812121522
0.823331381732731126810165
0.8233313817327326811224
0.8233313817327326811224
0.823331381732734901568449
0.823331381732736344858381
0.823331381732734568501542
0.823331381732731126810165
0.823331381732731126810165
0.8233313817327326811224
0.82333138173273812121522
0.823331381732736455880683
0.82333138173273812121522
0.823331381732732903167005
0.82333138173273812121522
0.82333138173273812121522
0.823331381732725353650437
0.823331381732736344858381
0.823331381732732459077795
0.8233313817327326811224
0.8233313817327326811224
0.823331381732732459077795
0.823331381732730793743258
0.823331381732734568501542
0.823331381732734346456937
0.823331381732732903167005
0.823331381732731126810165
0.823331381732736344858381
0.823331381732732903167005
0.823331381732736344858381
0.823331381732729128408721
0.823331381732730793743258
0.823331381732734346456937
0.823331381732729461475628
0.823331381732734568501542
0.823331381732732903167005
0.823331381732730793743258
0.823331381732736011791474
0.8233313817327326811224
0.823331381732729128408721
0.823331381732730793743258
0.823331381732729461475628
0.823331381732730682720955
0.8233313817327326811224
0.823331381732731126810165
0.823331381732736011791474
0.823331381732734346456937
0.823331381732734346456937
0.8233313817327326811224
0.823331381732738010192918
0.823331381732734568501542
0.823331381732732903167005
0.823331381732736455880683
0.823331381732731126810165
0.823331381732731126810165
0.823331381732734568501542
0.823331381732736455880683
0.823331381732731126810165
0.823331381732730793743258
0.823331381732729461475628
0.823331381732736455880683
0.823331381732725686717345
0.823331381732732903167005
0.823331381732731237832468
0.823331381732734346456937
0.823331381732731237832468
0.8233313817327326811224
0.823331381732739786549757
0.823331381732734346456937
0.823331381732732903167005
0.823331381732734124412332
0.823331381732734346456937
0.823331381732736344858381
0.823331381732732903167005
0.823331381732734346456937
0.823331381732736455880683
0.82333138173273812121522
0.823331381732727241029579
0.823331381732731126810165
0.823331381732731126810165
)
;
        value           nonuniform List<scalar> 
80
(
485.072727084200323588448
485.073793443616978038335
485.074323117380004077859
485.07515592412113392129
485.075828020984090471757
485.076518954339690026245
485.077141949393649156264
485.077737611672205275681
485.078292405456068081548
485.078817509903672089422
485.079313342572731926339
485.079784592420708122518
485.080233564184766237304
485.080662973179414620972
485.081074759798298146052
485.081470652104314922326
485.081851995664578680589
485.082219900490372310742
485.082575246707165206317
485.082918738549778936431
485.083250916103736471996
485.083572186443234386388
485.083883071639320405666
485.084184070355945550546
485.084475648407305925502
485.084758239654263434204
485.085032250455128632893
485.085298064551125207799
485.085556047254613076802
485.085806548652726633009
485.086049905818867955531
485.086286444203608425596
485.086516478372004712583
485.08674031226189526933
485.086958239124498959427
485.087170541277487245679
485.087377489765799509769
485.087579344017001403699
485.087776351527111273754
485.087968747614297626569
485.088156755263298691716
485.08834058503146025032
485.088520434959150406939
485.088696490352901946608
485.088868923095049012773
485.08903789424959995813
485.08920356129613082885
485.08936607197938428726
485.089525564084624420502
485.089682165787507983623
485.089835996172041632235
485.08998716583607802022
485.090135777530747418496
485.090281926782495247608
485.090425702504376204161
485.090567187569604357122
485.090706459323882882018
485.090843590057488654566
485.090978647400902445952
485.091111694630569672881
485.09124279088331377352
485.091371991231426363811
485.091499346575801610015
485.09162490327287287073
485.0917487023564831361
485.091870778177167267131
485.091991156115113881242
485.092109848858115128678
485.092226850507017843483
485.092342127636811710545
485.092455604438839600334
485.09256713945779893038
485.092676488745041751827
485.092783246682529352256
485.092886748821911169216
485.092985906606941171049
485.093078911890984272759
485.093162681622345644428
485.0932317971188467709
485.093276571627882276516
)
;
        Tnbr            T;
        thicknessLayers List<scalar> 0();
        kappaLayers     List<scalar> 0();
        kappaMethod     fluidThermo;
        kappa           none;
        alphaAni        none;
        alpha           none;
        field           T;
    }
}


// ************************************************************************* //
