/*--------------------------------*- C++ -*----------------------------------*\
| =========                 |                                                 |
| \\      /  F ield         | OpenFOAM: The Open Source CFD Toolbox           |
|  \\    /   O peration     | Version:  2106                                  |
|   \\  /    A nd           | Website:  www.openfoam.com                      |
|    \\/     M anipulation  |                                                 |
\*---------------------------------------------------------------------------*/
FoamFile
{
    version     2.0;
    format      ascii;
    arch        "LSB;label=32;scalar=64";
    note        "nPoints:19822  nCells:9000  nFaces:36910  nInternalFaces:17090";
    class       labelList;
    location    "constant/topWall/polyMesh";
    object      neighbour;
}
// * * * * * * * * * * * * * * * * * * * * * * * * * * * * * * * * * * * * * //


17090
(
1
900
2
901
3
902
4
903
5
904
6
905
7
906
8
907
9
908
10
909
11
910
12
911
13
912
14
913
15
914
16
915
17
916
18
917
19
918
20
919
21
920
22
921
23
922
24
923
25
924
26
925
27
926
28
927
29
928
30
929
31
930
32
931
33
932
34
933
35
934
36
935
37
936
38
937
39
938
40
939
41
940
42
941
43
942
44
943
45
944
46
945
47
946
48
947
49
948
50
949
51
950
52
951
53
952
54
953
55
954
56
955
57
956
58
957
59
958
60
959
61
960
62
961
63
962
64
963
65
964
66
965
67
966
68
967
69
968
70
969
71
970
72
971
73
972
74
973
75
974
76
975
77
976
78
977
79
978
80
979
81
980
82
981
83
982
84
983
85
984
86
985
87
986
88
987
89
988
90
989
91
990
92
991
93
992
94
993
95
994
96
995
97
996
98
997
99
998
100
999
101
1000
102
1001
103
1002
104
1003
105
1004
106
1005
107
1006
108
1007
109
1008
110
1009
111
1010
112
1011
113
1012
114
1013
115
1014
116
1015
117
1016
118
1017
119
1018
120
1019
121
1020
122
1021
123
1022
124
1023
125
1024
126
1025
127
1026
128
1027
129
1028
130
1029
131
1030
132
1031
133
1032
134
1033
135
1034
136
1035
137
1036
138
1037
139
1038
140
1039
141
1040
142
1041
143
1042
144
1043
145
1044
146
1045
147
1046
148
1047
149
1048
150
1049
151
1050
152
1051
153
1052
154
1053
155
1054
156
1055
157
1056
158
1057
159
1058
160
1059
161
1060
162
1061
163
1062
164
1063
165
1064
166
1065
167
1066
168
1067
169
1068
170
1069
171
1070
172
1071
173
1072
174
1073
175
1074
176
1075
177
1076
178
1077
179
1078
180
1079
181
1080
182
1081
183
1082
184
1083
185
1084
186
1085
187
1086
188
1087
189
1088
190
1089
191
1090
192
1091
193
1092
194
1093
195
1094
196
1095
197
1096
198
1097
199
1098
200
1099
201
1100
202
1101
203
1102
204
1103
205
1104
206
1105
207
1106
208
1107
209
1108
210
1109
211
1110
212
1111
213
1112
214
1113
215
1114
216
1115
217
1116
218
1117
219
1118
220
1119
221
1120
222
1121
223
1122
224
1123
225
1124
226
1125
227
1126
228
1127
229
1128
230
1129
231
1130
232
1131
233
1132
234
1133
235
1134
236
1135
237
1136
238
1137
239
1138
240
1139
241
1140
242
1141
243
1142
244
1143
245
1144
246
1145
247
1146
248
1147
249
1148
250
1149
251
1150
252
1151
253
1152
254
1153
255
1154
256
1155
257
1156
258
1157
259
1158
260
1159
261
1160
262
1161
263
1162
264
1163
265
1164
266
1165
267
1166
268
1167
269
1168
270
1169
271
1170
272
1171
273
1172
274
1173
275
1174
276
1175
277
1176
278
1177
279
1178
280
1179
281
1180
282
1181
283
1182
284
1183
285
1184
286
1185
287
1186
288
1187
289
1188
290
1189
291
1190
292
1191
293
1192
294
1193
295
1194
296
1195
297
1196
298
1197
299
1198
300
1199
301
1200
302
1201
303
1202
304
1203
305
1204
306
1205
307
1206
308
1207
309
1208
310
1209
311
1210
312
1211
313
1212
314
1213
315
1214
316
1215
317
1216
318
1217
319
1218
320
1219
321
1220
322
1221
323
1222
324
1223
325
1224
326
1225
327
1226
328
1227
329
1228
330
1229
331
1230
332
1231
333
1232
334
1233
335
1234
336
1235
337
1236
338
1237
339
1238
340
1239
341
1240
342
1241
343
1242
344
1243
345
1244
346
1245
347
1246
348
1247
349
1248
350
1249
351
1250
352
1251
353
1252
354
1253
355
1254
356
1255
357
1256
358
1257
359
1258
360
1259
361
1260
362
1261
363
1262
364
1263
365
1264
366
1265
367
1266
368
1267
369
1268
370
1269
371
1270
372
1271
373
1272
374
1273
375
1274
376
1275
377
1276
378
1277
379
1278
380
1279
381
1280
382
1281
383
1282
384
1283
385
1284
386
1285
387
1286
388
1287
389
1288
390
1289
391
1290
392
1291
393
1292
394
1293
395
1294
396
1295
397
1296
398
1297
399
1298
400
1299
401
1300
402
1301
403
1302
404
1303
405
1304
406
1305
407
1306
408
1307
409
1308
410
1309
411
1310
412
1311
413
1312
414
1313
415
1314
416
1315
417
1316
418
1317
419
1318
420
1319
421
1320
422
1321
423
1322
424
1323
425
1324
426
1325
427
1326
428
1327
429
1328
430
1329
431
1330
432
1331
433
1332
434
1333
435
1334
436
1335
437
1336
438
1337
439
1338
440
1339
441
1340
442
1341
443
1342
444
1343
445
1344
446
1345
447
1346
448
1347
449
1348
450
1349
451
1350
452
1351
453
1352
454
1353
455
1354
456
1355
457
1356
458
1357
459
1358
460
1359
461
1360
462
1361
463
1362
464
1363
465
1364
466
1365
467
1366
468
1367
469
1368
470
1369
471
1370
472
1371
473
1372
474
1373
475
1374
476
1375
477
1376
478
1377
479
1378
480
1379
481
1380
482
1381
483
1382
484
1383
485
1384
486
1385
487
1386
488
1387
489
1388
490
1389
491
1390
492
1391
493
1392
494
1393
495
1394
496
1395
497
1396
498
1397
499
1398
500
1399
501
1400
502
1401
503
1402
504
1403
505
1404
506
1405
507
1406
508
1407
509
1408
510
1409
511
1410
512
1411
513
1412
514
1413
515
1414
516
1415
517
1416
518
1417
519
1418
520
1419
521
1420
522
1421
523
1422
524
1423
525
1424
526
1425
527
1426
528
1427
529
1428
530
1429
531
1430
532
1431
533
1432
534
1433
535
1434
536
1435
537
1436
538
1437
539
1438
540
1439
541
1440
542
1441
543
1442
544
1443
545
1444
546
1445
547
1446
548
1447
549
1448
550
1449
551
1450
552
1451
553
1452
554
1453
555
1454
556
1455
557
1456
558
1457
559
1458
560
1459
561
1460
562
1461
563
1462
564
1463
565
1464
566
1465
567
1466
568
1467
569
1468
570
1469
571
1470
572
1471
573
1472
574
1473
575
1474
576
1475
577
1476
578
1477
579
1478
580
1479
581
1480
582
1481
583
1482
584
1483
585
1484
586
1485
587
1486
588
1487
589
1488
590
1489
591
1490
592
1491
593
1492
594
1493
595
1494
596
1495
597
1496
598
1497
599
1498
600
1499
601
1500
602
1501
603
1502
604
1503
605
1504
606
1505
607
1506
608
1507
609
1508
610
1509
611
1510
612
1511
613
1512
614
1513
615
1514
616
1515
617
1516
618
1517
619
1518
620
1519
621
1520
622
1521
623
1522
624
1523
625
1524
626
1525
627
1526
628
1527
629
1528
630
1529
631
1530
632
1531
633
1532
634
1533
635
1534
636
1535
637
1536
638
1537
639
1538
640
1539
641
1540
642
1541
643
1542
644
1543
645
1544
646
1545
647
1546
648
1547
649
1548
650
1549
651
1550
652
1551
653
1552
654
1553
655
1554
656
1555
657
1556
658
1557
659
1558
660
1559
661
1560
662
1561
663
1562
664
1563
665
1564
666
1565
667
1566
668
1567
669
1568
670
1569
671
1570
672
1571
673
1572
674
1573
675
1574
676
1575
677
1576
678
1577
679
1578
680
1579
681
1580
682
1581
683
1582
684
1583
685
1584
686
1585
687
1586
688
1587
689
1588
690
1589
691
1590
692
1591
693
1592
694
1593
695
1594
696
1595
697
1596
698
1597
699
1598
700
1599
701
1600
702
1601
703
1602
704
1603
705
1604
706
1605
707
1606
708
1607
709
1608
710
1609
711
1610
712
1611
713
1612
714
1613
715
1614
716
1615
717
1616
718
1617
719
1618
720
1619
721
1620
722
1621
723
1622
724
1623
725
1624
726
1625
727
1626
728
1627
729
1628
730
1629
731
1630
732
1631
733
1632
734
1633
735
1634
736
1635
737
1636
738
1637
739
1638
740
1639
741
1640
742
1641
743
1642
744
1643
745
1644
746
1645
747
1646
748
1647
749
1648
750
1649
751
1650
752
1651
753
1652
754
1653
755
1654
756
1655
757
1656
758
1657
759
1658
760
1659
761
1660
762
1661
763
1662
764
1663
765
1664
766
1665
767
1666
768
1667
769
1668
770
1669
771
1670
772
1671
773
1672
774
1673
775
1674
776
1675
777
1676
778
1677
779
1678
780
1679
781
1680
782
1681
783
1682
784
1683
785
1684
786
1685
787
1686
788
1687
789
1688
790
1689
791
1690
792
1691
793
1692
794
1693
795
1694
796
1695
797
1696
798
1697
799
1698
800
1699
801
1700
802
1701
803
1702
804
1703
805
1704
806
1705
807
1706
808
1707
809
1708
810
1709
811
1710
812
1711
813
1712
814
1713
815
1714
816
1715
817
1716
818
1717
819
1718
820
1719
821
1720
822
1721
823
1722
824
1723
825
1724
826
1725
827
1726
828
1727
829
1728
830
1729
831
1730
832
1731
833
1732
834
1733
835
1734
836
1735
837
1736
838
1737
839
1738
840
1739
841
1740
842
1741
843
1742
844
1743
845
1744
846
1745
847
1746
848
1747
849
1748
850
1749
851
1750
852
1751
853
1752
854
1753
855
1754
856
1755
857
1756
858
1757
859
1758
860
1759
861
1760
862
1761
863
1762
864
1763
865
1764
866
1765
867
1766
868
1767
869
1768
870
1769
871
1770
872
1771
873
1772
874
1773
875
1774
876
1775
877
1776
878
1777
879
1778
880
1779
881
1780
882
1781
883
1782
884
1783
885
1784
886
1785
887
1786
888
1787
889
1788
890
1789
891
1790
892
1791
893
1792
894
1793
895
1794
896
1795
897
1796
898
1797
899
1798
1799
901
1800
902
1801
903
1802
904
1803
905
1804
906
1805
907
1806
908
1807
909
1808
910
1809
911
1810
912
1811
913
1812
914
1813
915
1814
916
1815
917
1816
918
1817
919
1818
920
1819
921
1820
922
1821
923
1822
924
1823
925
1824
926
1825
927
1826
928
1827
929
1828
930
1829
931
1830
932
1831
933
1832
934
1833
935
1834
936
1835
937
1836
938
1837
939
1838
940
1839
941
1840
942
1841
943
1842
944
1843
945
1844
946
1845
947
1846
948
1847
949
1848
950
1849
951
1850
952
1851
953
1852
954
1853
955
1854
956
1855
957
1856
958
1857
959
1858
960
1859
961
1860
962
1861
963
1862
964
1863
965
1864
966
1865
967
1866
968
1867
969
1868
970
1869
971
1870
972
1871
973
1872
974
1873
975
1874
976
1875
977
1876
978
1877
979
1878
980
1879
981
1880
982
1881
983
1882
984
1883
985
1884
986
1885
987
1886
988
1887
989
1888
990
1889
991
1890
992
1891
993
1892
994
1893
995
1894
996
1895
997
1896
998
1897
999
1898
1000
1899
1001
1900
1002
1901
1003
1902
1004
1903
1005
1904
1006
1905
1007
1906
1008
1907
1009
1908
1010
1909
1011
1910
1012
1911
1013
1912
1014
1913
1015
1914
1016
1915
1017
1916
1018
1917
1019
1918
1020
1919
1021
1920
1022
1921
1023
1922
1024
1923
1025
1924
1026
1925
1027
1926
1028
1927
1029
1928
1030
1929
1031
1930
1032
1931
1033
1932
1034
1933
1035
1934
1036
1935
1037
1936
1038
1937
1039
1938
1040
1939
1041
1940
1042
1941
1043
1942
1044
1943
1045
1944
1046
1945
1047
1946
1048
1947
1049
1948
1050
1949
1051
1950
1052
1951
1053
1952
1054
1953
1055
1954
1056
1955
1057
1956
1058
1957
1059
1958
1060
1959
1061
1960
1062
1961
1063
1962
1064
1963
1065
1964
1066
1965
1067
1966
1068
1967
1069
1968
1070
1969
1071
1970
1072
1971
1073
1972
1074
1973
1075
1974
1076
1975
1077
1976
1078
1977
1079
1978
1080
1979
1081
1980
1082
1981
1083
1982
1084
1983
1085
1984
1086
1985
1087
1986
1088
1987
1089
1988
1090
1989
1091
1990
1092
1991
1093
1992
1094
1993
1095
1994
1096
1995
1097
1996
1098
1997
1099
1998
1100
1999
1101
2000
1102
2001
1103
2002
1104
2003
1105
2004
1106
2005
1107
2006
1108
2007
1109
2008
1110
2009
1111
2010
1112
2011
1113
2012
1114
2013
1115
2014
1116
2015
1117
2016
1118
2017
1119
2018
1120
2019
1121
2020
1122
2021
1123
2022
1124
2023
1125
2024
1126
2025
1127
2026
1128
2027
1129
2028
1130
2029
1131
2030
1132
2031
1133
2032
1134
2033
1135
2034
1136
2035
1137
2036
1138
2037
1139
2038
1140
2039
1141
2040
1142
2041
1143
2042
1144
2043
1145
2044
1146
2045
1147
2046
1148
2047
1149
2048
1150
2049
1151
2050
1152
2051
1153
2052
1154
2053
1155
2054
1156
2055
1157
2056
1158
2057
1159
2058
1160
2059
1161
2060
1162
2061
1163
2062
1164
2063
1165
2064
1166
2065
1167
2066
1168
2067
1169
2068
1170
2069
1171
2070
1172
2071
1173
2072
1174
2073
1175
2074
1176
2075
1177
2076
1178
2077
1179
2078
1180
2079
1181
2080
1182
2081
1183
2082
1184
2083
1185
2084
1186
2085
1187
2086
1188
2087
1189
2088
1190
2089
1191
2090
1192
2091
1193
2092
1194
2093
1195
2094
1196
2095
1197
2096
1198
2097
1199
2098
1200
2099
1201
2100
1202
2101
1203
2102
1204
2103
1205
2104
1206
2105
1207
2106
1208
2107
1209
2108
1210
2109
1211
2110
1212
2111
1213
2112
1214
2113
1215
2114
1216
2115
1217
2116
1218
2117
1219
2118
1220
2119
1221
2120
1222
2121
1223
2122
1224
2123
1225
2124
1226
2125
1227
2126
1228
2127
1229
2128
1230
2129
1231
2130
1232
2131
1233
2132
1234
2133
1235
2134
1236
2135
1237
2136
1238
2137
1239
2138
1240
2139
1241
2140
1242
2141
1243
2142
1244
2143
1245
2144
1246
2145
1247
2146
1248
2147
1249
2148
1250
2149
1251
2150
1252
2151
1253
2152
1254
2153
1255
2154
1256
2155
1257
2156
1258
2157
1259
2158
1260
2159
1261
2160
1262
2161
1263
2162
1264
2163
1265
2164
1266
2165
1267
2166
1268
2167
1269
2168
1270
2169
1271
2170
1272
2171
1273
2172
1274
2173
1275
2174
1276
2175
1277
2176
1278
2177
1279
2178
1280
2179
1281
2180
1282
2181
1283
2182
1284
2183
1285
2184
1286
2185
1287
2186
1288
2187
1289
2188
1290
2189
1291
2190
1292
2191
1293
2192
1294
2193
1295
2194
1296
2195
1297
2196
1298
2197
1299
2198
1300
2199
1301
2200
1302
2201
1303
2202
1304
2203
1305
2204
1306
2205
1307
2206
1308
2207
1309
2208
1310
2209
1311
2210
1312
2211
1313
2212
1314
2213
1315
2214
1316
2215
1317
2216
1318
2217
1319
2218
1320
2219
1321
2220
1322
2221
1323
2222
1324
2223
1325
2224
1326
2225
1327
2226
1328
2227
1329
2228
1330
2229
1331
2230
1332
2231
1333
2232
1334
2233
1335
2234
1336
2235
1337
2236
1338
2237
1339
2238
1340
2239
1341
2240
1342
2241
1343
2242
1344
2243
1345
2244
1346
2245
1347
2246
1348
2247
1349
2248
1350
2249
1351
2250
1352
2251
1353
2252
1354
2253
1355
2254
1356
2255
1357
2256
1358
2257
1359
2258
1360
2259
1361
2260
1362
2261
1363
2262
1364
2263
1365
2264
1366
2265
1367
2266
1368
2267
1369
2268
1370
2269
1371
2270
1372
2271
1373
2272
1374
2273
1375
2274
1376
2275
1377
2276
1378
2277
1379
2278
1380
2279
1381
2280
1382
2281
1383
2282
1384
2283
1385
2284
1386
2285
1387
2286
1388
2287
1389
2288
1390
2289
1391
2290
1392
2291
1393
2292
1394
2293
1395
2294
1396
2295
1397
2296
1398
2297
1399
2298
1400
2299
1401
2300
1402
2301
1403
2302
1404
2303
1405
2304
1406
2305
1407
2306
1408
2307
1409
2308
1410
2309
1411
2310
1412
2311
1413
2312
1414
2313
1415
2314
1416
2315
1417
2316
1418
2317
1419
2318
1420
2319
1421
2320
1422
2321
1423
2322
1424
2323
1425
2324
1426
2325
1427
2326
1428
2327
1429
2328
1430
2329
1431
2330
1432
2331
1433
2332
1434
2333
1435
2334
1436
2335
1437
2336
1438
2337
1439
2338
1440
2339
1441
2340
1442
2341
1443
2342
1444
2343
1445
2344
1446
2345
1447
2346
1448
2347
1449
2348
1450
2349
1451
2350
1452
2351
1453
2352
1454
2353
1455
2354
1456
2355
1457
2356
1458
2357
1459
2358
1460
2359
1461
2360
1462
2361
1463
2362
1464
2363
1465
2364
1466
2365
1467
2366
1468
2367
1469
2368
1470
2369
1471
2370
1472
2371
1473
2372
1474
2373
1475
2374
1476
2375
1477
2376
1478
2377
1479
2378
1480
2379
1481
2380
1482
2381
1483
2382
1484
2383
1485
2384
1486
2385
1487
2386
1488
2387
1489
2388
1490
2389
1491
2390
1492
2391
1493
2392
1494
2393
1495
2394
1496
2395
1497
2396
1498
2397
1499
2398
1500
2399
1501
2400
1502
2401
1503
2402
1504
2403
1505
2404
1506
2405
1507
2406
1508
2407
1509
2408
1510
2409
1511
2410
1512
2411
1513
2412
1514
2413
1515
2414
1516
2415
1517
2416
1518
2417
1519
2418
1520
2419
1521
2420
1522
2421
1523
2422
1524
2423
1525
2424
1526
2425
1527
2426
1528
2427
1529
2428
1530
2429
1531
2430
1532
2431
1533
2432
1534
2433
1535
2434
1536
2435
1537
2436
1538
2437
1539
2438
1540
2439
1541
2440
1542
2441
1543
2442
1544
2443
1545
2444
1546
2445
1547
2446
1548
2447
1549
2448
1550
2449
1551
2450
1552
2451
1553
2452
1554
2453
1555
2454
1556
2455
1557
2456
1558
2457
1559
2458
1560
2459
1561
2460
1562
2461
1563
2462
1564
2463
1565
2464
1566
2465
1567
2466
1568
2467
1569
2468
1570
2469
1571
2470
1572
2471
1573
2472
1574
2473
1575
2474
1576
2475
1577
2476
1578
2477
1579
2478
1580
2479
1581
2480
1582
2481
1583
2482
1584
2483
1585
2484
1586
2485
1587
2486
1588
2487
1589
2488
1590
2489
1591
2490
1592
2491
1593
2492
1594
2493
1595
2494
1596
2495
1597
2496
1598
2497
1599
2498
1600
2499
1601
2500
1602
2501
1603
2502
1604
2503
1605
2504
1606
2505
1607
2506
1608
2507
1609
2508
1610
2509
1611
2510
1612
2511
1613
2512
1614
2513
1615
2514
1616
2515
1617
2516
1618
2517
1619
2518
1620
2519
1621
2520
1622
2521
1623
2522
1624
2523
1625
2524
1626
2525
1627
2526
1628
2527
1629
2528
1630
2529
1631
2530
1632
2531
1633
2532
1634
2533
1635
2534
1636
2535
1637
2536
1638
2537
1639
2538
1640
2539
1641
2540
1642
2541
1643
2542
1644
2543
1645
2544
1646
2545
1647
2546
1648
2547
1649
2548
1650
2549
1651
2550
1652
2551
1653
2552
1654
2553
1655
2554
1656
2555
1657
2556
1658
2557
1659
2558
1660
2559
1661
2560
1662
2561
1663
2562
1664
2563
1665
2564
1666
2565
1667
2566
1668
2567
1669
2568
1670
2569
1671
2570
1672
2571
1673
2572
1674
2573
1675
2574
1676
2575
1677
2576
1678
2577
1679
2578
1680
2579
1681
2580
1682
2581
1683
2582
1684
2583
1685
2584
1686
2585
1687
2586
1688
2587
1689
2588
1690
2589
1691
2590
1692
2591
1693
2592
1694
2593
1695
2594
1696
2595
1697
2596
1698
2597
1699
2598
1700
2599
1701
2600
1702
2601
1703
2602
1704
2603
1705
2604
1706
2605
1707
2606
1708
2607
1709
2608
1710
2609
1711
2610
1712
2611
1713
2612
1714
2613
1715
2614
1716
2615
1717
2616
1718
2617
1719
2618
1720
2619
1721
2620
1722
2621
1723
2622
1724
2623
1725
2624
1726
2625
1727
2626
1728
2627
1729
2628
1730
2629
1731
2630
1732
2631
1733
2632
1734
2633
1735
2634
1736
2635
1737
2636
1738
2637
1739
2638
1740
2639
1741
2640
1742
2641
1743
2642
1744
2643
1745
2644
1746
2645
1747
2646
1748
2647
1749
2648
1750
2649
1751
2650
1752
2651
1753
2652
1754
2653
1755
2654
1756
2655
1757
2656
1758
2657
1759
2658
1760
2659
1761
2660
1762
2661
1763
2662
1764
2663
1765
2664
1766
2665
1767
2666
1768
2667
1769
2668
1770
2669
1771
2670
1772
2671
1773
2672
1774
2673
1775
2674
1776
2675
1777
2676
1778
2677
1779
2678
1780
2679
1781
2680
1782
2681
1783
2682
1784
2683
1785
2684
1786
2685
1787
2686
1788
2687
1789
2688
1790
2689
1791
2690
1792
2691
1793
2692
1794
2693
1795
2694
1796
2695
1797
2696
1798
2697
1799
2698
2699
1801
2700
1802
2701
1803
2702
1804
2703
1805
2704
1806
2705
1807
2706
1808
2707
1809
2708
1810
2709
1811
2710
1812
2711
1813
2712
1814
2713
1815
2714
1816
2715
1817
2716
1818
2717
1819
2718
1820
2719
1821
2720
1822
2721
1823
2722
1824
2723
1825
2724
1826
2725
1827
2726
1828
2727
1829
2728
1830
2729
1831
2730
1832
2731
1833
2732
1834
2733
1835
2734
1836
2735
1837
2736
1838
2737
1839
2738
1840
2739
1841
2740
1842
2741
1843
2742
1844
2743
1845
2744
1846
2745
1847
2746
1848
2747
1849
2748
1850
2749
1851
2750
1852
2751
1853
2752
1854
2753
1855
2754
1856
2755
1857
2756
1858
2757
1859
2758
1860
2759
1861
2760
1862
2761
1863
2762
1864
2763
1865
2764
1866
2765
1867
2766
1868
2767
1869
2768
1870
2769
1871
2770
1872
2771
1873
2772
1874
2773
1875
2774
1876
2775
1877
2776
1878
2777
1879
2778
1880
2779
1881
2780
1882
2781
1883
2782
1884
2783
1885
2784
1886
2785
1887
2786
1888
2787
1889
2788
1890
2789
1891
2790
1892
2791
1893
2792
1894
2793
1895
2794
1896
2795
1897
2796
1898
2797
1899
2798
1900
2799
1901
2800
1902
2801
1903
2802
1904
2803
1905
2804
1906
2805
1907
2806
1908
2807
1909
2808
1910
2809
1911
2810
1912
2811
1913
2812
1914
2813
1915
2814
1916
2815
1917
2816
1918
2817
1919
2818
1920
2819
1921
2820
1922
2821
1923
2822
1924
2823
1925
2824
1926
2825
1927
2826
1928
2827
1929
2828
1930
2829
1931
2830
1932
2831
1933
2832
1934
2833
1935
2834
1936
2835
1937
2836
1938
2837
1939
2838
1940
2839
1941
2840
1942
2841
1943
2842
1944
2843
1945
2844
1946
2845
1947
2846
1948
2847
1949
2848
1950
2849
1951
2850
1952
2851
1953
2852
1954
2853
1955
2854
1956
2855
1957
2856
1958
2857
1959
2858
1960
2859
1961
2860
1962
2861
1963
2862
1964
2863
1965
2864
1966
2865
1967
2866
1968
2867
1969
2868
1970
2869
1971
2870
1972
2871
1973
2872
1974
2873
1975
2874
1976
2875
1977
2876
1978
2877
1979
2878
1980
2879
1981
2880
1982
2881
1983
2882
1984
2883
1985
2884
1986
2885
1987
2886
1988
2887
1989
2888
1990
2889
1991
2890
1992
2891
1993
2892
1994
2893
1995
2894
1996
2895
1997
2896
1998
2897
1999
2898
2000
2899
2001
2900
2002
2901
2003
2902
2004
2903
2005
2904
2006
2905
2007
2906
2008
2907
2009
2908
2010
2909
2011
2910
2012
2911
2013
2912
2014
2913
2015
2914
2016
2915
2017
2916
2018
2917
2019
2918
2020
2919
2021
2920
2022
2921
2023
2922
2024
2923
2025
2924
2026
2925
2027
2926
2028
2927
2029
2928
2030
2929
2031
2930
2032
2931
2033
2932
2034
2933
2035
2934
2036
2935
2037
2936
2038
2937
2039
2938
2040
2939
2041
2940
2042
2941
2043
2942
2044
2943
2045
2944
2046
2945
2047
2946
2048
2947
2049
2948
2050
2949
2051
2950
2052
2951
2053
2952
2054
2953
2055
2954
2056
2955
2057
2956
2058
2957
2059
2958
2060
2959
2061
2960
2062
2961
2063
2962
2064
2963
2065
2964
2066
2965
2067
2966
2068
2967
2069
2968
2070
2969
2071
2970
2072
2971
2073
2972
2074
2973
2075
2974
2076
2975
2077
2976
2078
2977
2079
2978
2080
2979
2081
2980
2082
2981
2083
2982
2084
2983
2085
2984
2086
2985
2087
2986
2088
2987
2089
2988
2090
2989
2091
2990
2092
2991
2093
2992
2094
2993
2095
2994
2096
2995
2097
2996
2098
2997
2099
2998
2100
2999
2101
3000
2102
3001
2103
3002
2104
3003
2105
3004
2106
3005
2107
3006
2108
3007
2109
3008
2110
3009
2111
3010
2112
3011
2113
3012
2114
3013
2115
3014
2116
3015
2117
3016
2118
3017
2119
3018
2120
3019
2121
3020
2122
3021
2123
3022
2124
3023
2125
3024
2126
3025
2127
3026
2128
3027
2129
3028
2130
3029
2131
3030
2132
3031
2133
3032
2134
3033
2135
3034
2136
3035
2137
3036
2138
3037
2139
3038
2140
3039
2141
3040
2142
3041
2143
3042
2144
3043
2145
3044
2146
3045
2147
3046
2148
3047
2149
3048
2150
3049
2151
3050
2152
3051
2153
3052
2154
3053
2155
3054
2156
3055
2157
3056
2158
3057
2159
3058
2160
3059
2161
3060
2162
3061
2163
3062
2164
3063
2165
3064
2166
3065
2167
3066
2168
3067
2169
3068
2170
3069
2171
3070
2172
3071
2173
3072
2174
3073
2175
3074
2176
3075
2177
3076
2178
3077
2179
3078
2180
3079
2181
3080
2182
3081
2183
3082
2184
3083
2185
3084
2186
3085
2187
3086
2188
3087
2189
3088
2190
3089
2191
3090
2192
3091
2193
3092
2194
3093
2195
3094
2196
3095
2197
3096
2198
3097
2199
3098
2200
3099
2201
3100
2202
3101
2203
3102
2204
3103
2205
3104
2206
3105
2207
3106
2208
3107
2209
3108
2210
3109
2211
3110
2212
3111
2213
3112
2214
3113
2215
3114
2216
3115
2217
3116
2218
3117
2219
3118
2220
3119
2221
3120
2222
3121
2223
3122
2224
3123
2225
3124
2226
3125
2227
3126
2228
3127
2229
3128
2230
3129
2231
3130
2232
3131
2233
3132
2234
3133
2235
3134
2236
3135
2237
3136
2238
3137
2239
3138
2240
3139
2241
3140
2242
3141
2243
3142
2244
3143
2245
3144
2246
3145
2247
3146
2248
3147
2249
3148
2250
3149
2251
3150
2252
3151
2253
3152
2254
3153
2255
3154
2256
3155
2257
3156
2258
3157
2259
3158
2260
3159
2261
3160
2262
3161
2263
3162
2264
3163
2265
3164
2266
3165
2267
3166
2268
3167
2269
3168
2270
3169
2271
3170
2272
3171
2273
3172
2274
3173
2275
3174
2276
3175
2277
3176
2278
3177
2279
3178
2280
3179
2281
3180
2282
3181
2283
3182
2284
3183
2285
3184
2286
3185
2287
3186
2288
3187
2289
3188
2290
3189
2291
3190
2292
3191
2293
3192
2294
3193
2295
3194
2296
3195
2297
3196
2298
3197
2299
3198
2300
3199
2301
3200
2302
3201
2303
3202
2304
3203
2305
3204
2306
3205
2307
3206
2308
3207
2309
3208
2310
3209
2311
3210
2312
3211
2313
3212
2314
3213
2315
3214
2316
3215
2317
3216
2318
3217
2319
3218
2320
3219
2321
3220
2322
3221
2323
3222
2324
3223
2325
3224
2326
3225
2327
3226
2328
3227
2329
3228
2330
3229
2331
3230
2332
3231
2333
3232
2334
3233
2335
3234
2336
3235
2337
3236
2338
3237
2339
3238
2340
3239
2341
3240
2342
3241
2343
3242
2344
3243
2345
3244
2346
3245
2347
3246
2348
3247
2349
3248
2350
3249
2351
3250
2352
3251
2353
3252
2354
3253
2355
3254
2356
3255
2357
3256
2358
3257
2359
3258
2360
3259
2361
3260
2362
3261
2363
3262
2364
3263
2365
3264
2366
3265
2367
3266
2368
3267
2369
3268
2370
3269
2371
3270
2372
3271
2373
3272
2374
3273
2375
3274
2376
3275
2377
3276
2378
3277
2379
3278
2380
3279
2381
3280
2382
3281
2383
3282
2384
3283
2385
3284
2386
3285
2387
3286
2388
3287
2389
3288
2390
3289
2391
3290
2392
3291
2393
3292
2394
3293
2395
3294
2396
3295
2397
3296
2398
3297
2399
3298
2400
3299
2401
3300
2402
3301
2403
3302
2404
3303
2405
3304
2406
3305
2407
3306
2408
3307
2409
3308
2410
3309
2411
3310
2412
3311
2413
3312
2414
3313
2415
3314
2416
3315
2417
3316
2418
3317
2419
3318
2420
3319
2421
3320
2422
3321
2423
3322
2424
3323
2425
3324
2426
3325
2427
3326
2428
3327
2429
3328
2430
3329
2431
3330
2432
3331
2433
3332
2434
3333
2435
3334
2436
3335
2437
3336
2438
3337
2439
3338
2440
3339
2441
3340
2442
3341
2443
3342
2444
3343
2445
3344
2446
3345
2447
3346
2448
3347
2449
3348
2450
3349
2451
3350
2452
3351
2453
3352
2454
3353
2455
3354
2456
3355
2457
3356
2458
3357
2459
3358
2460
3359
2461
3360
2462
3361
2463
3362
2464
3363
2465
3364
2466
3365
2467
3366
2468
3367
2469
3368
2470
3369
2471
3370
2472
3371
2473
3372
2474
3373
2475
3374
2476
3375
2477
3376
2478
3377
2479
3378
2480
3379
2481
3380
2482
3381
2483
3382
2484
3383
2485
3384
2486
3385
2487
3386
2488
3387
2489
3388
2490
3389
2491
3390
2492
3391
2493
3392
2494
3393
2495
3394
2496
3395
2497
3396
2498
3397
2499
3398
2500
3399
2501
3400
2502
3401
2503
3402
2504
3403
2505
3404
2506
3405
2507
3406
2508
3407
2509
3408
2510
3409
2511
3410
2512
3411
2513
3412
2514
3413
2515
3414
2516
3415
2517
3416
2518
3417
2519
3418
2520
3419
2521
3420
2522
3421
2523
3422
2524
3423
2525
3424
2526
3425
2527
3426
2528
3427
2529
3428
2530
3429
2531
3430
2532
3431
2533
3432
2534
3433
2535
3434
2536
3435
2537
3436
2538
3437
2539
3438
2540
3439
2541
3440
2542
3441
2543
3442
2544
3443
2545
3444
2546
3445
2547
3446
2548
3447
2549
3448
2550
3449
2551
3450
2552
3451
2553
3452
2554
3453
2555
3454
2556
3455
2557
3456
2558
3457
2559
3458
2560
3459
2561
3460
2562
3461
2563
3462
2564
3463
2565
3464
2566
3465
2567
3466
2568
3467
2569
3468
2570
3469
2571
3470
2572
3471
2573
3472
2574
3473
2575
3474
2576
3475
2577
3476
2578
3477
2579
3478
2580
3479
2581
3480
2582
3481
2583
3482
2584
3483
2585
3484
2586
3485
2587
3486
2588
3487
2589
3488
2590
3489
2591
3490
2592
3491
2593
3492
2594
3493
2595
3494
2596
3495
2597
3496
2598
3497
2599
3498
2600
3499
2601
3500
2602
3501
2603
3502
2604
3503
2605
3504
2606
3505
2607
3506
2608
3507
2609
3508
2610
3509
2611
3510
2612
3511
2613
3512
2614
3513
2615
3514
2616
3515
2617
3516
2618
3517
2619
3518
2620
3519
2621
3520
2622
3521
2623
3522
2624
3523
2625
3524
2626
3525
2627
3526
2628
3527
2629
3528
2630
3529
2631
3530
2632
3531
2633
3532
2634
3533
2635
3534
2636
3535
2637
3536
2638
3537
2639
3538
2640
3539
2641
3540
2642
3541
2643
3542
2644
3543
2645
3544
2646
3545
2647
3546
2648
3547
2649
3548
2650
3549
2651
3550
2652
3551
2653
3552
2654
3553
2655
3554
2656
3555
2657
3556
2658
3557
2659
3558
2660
3559
2661
3560
2662
3561
2663
3562
2664
3563
2665
3564
2666
3565
2667
3566
2668
3567
2669
3568
2670
3569
2671
3570
2672
3571
2673
3572
2674
3573
2675
3574
2676
3575
2677
3576
2678
3577
2679
3578
2680
3579
2681
3580
2682
3581
2683
3582
2684
3583
2685
3584
2686
3585
2687
3586
2688
3587
2689
3588
2690
3589
2691
3590
2692
3591
2693
3592
2694
3593
2695
3594
2696
3595
2697
3596
2698
3597
2699
3598
3599
2701
3600
2702
3601
2703
3602
2704
3603
2705
3604
2706
3605
2707
3606
2708
3607
2709
3608
2710
3609
2711
3610
2712
3611
2713
3612
2714
3613
2715
3614
2716
3615
2717
3616
2718
3617
2719
3618
2720
3619
2721
3620
2722
3621
2723
3622
2724
3623
2725
3624
2726
3625
2727
3626
2728
3627
2729
3628
2730
3629
2731
3630
2732
3631
2733
3632
2734
3633
2735
3634
2736
3635
2737
3636
2738
3637
2739
3638
2740
3639
2741
3640
2742
3641
2743
3642
2744
3643
2745
3644
2746
3645
2747
3646
2748
3647
2749
3648
2750
3649
2751
3650
2752
3651
2753
3652
2754
3653
2755
3654
2756
3655
2757
3656
2758
3657
2759
3658
2760
3659
2761
3660
2762
3661
2763
3662
2764
3663
2765
3664
2766
3665
2767
3666
2768
3667
2769
3668
2770
3669
2771
3670
2772
3671
2773
3672
2774
3673
2775
3674
2776
3675
2777
3676
2778
3677
2779
3678
2780
3679
2781
3680
2782
3681
2783
3682
2784
3683
2785
3684
2786
3685
2787
3686
2788
3687
2789
3688
2790
3689
2791
3690
2792
3691
2793
3692
2794
3693
2795
3694
2796
3695
2797
3696
2798
3697
2799
3698
2800
3699
2801
3700
2802
3701
2803
3702
2804
3703
2805
3704
2806
3705
2807
3706
2808
3707
2809
3708
2810
3709
2811
3710
2812
3711
2813
3712
2814
3713
2815
3714
2816
3715
2817
3716
2818
3717
2819
3718
2820
3719
2821
3720
2822
3721
2823
3722
2824
3723
2825
3724
2826
3725
2827
3726
2828
3727
2829
3728
2830
3729
2831
3730
2832
3731
2833
3732
2834
3733
2835
3734
2836
3735
2837
3736
2838
3737
2839
3738
2840
3739
2841
3740
2842
3741
2843
3742
2844
3743
2845
3744
2846
3745
2847
3746
2848
3747
2849
3748
2850
3749
2851
3750
2852
3751
2853
3752
2854
3753
2855
3754
2856
3755
2857
3756
2858
3757
2859
3758
2860
3759
2861
3760
2862
3761
2863
3762
2864
3763
2865
3764
2866
3765
2867
3766
2868
3767
2869
3768
2870
3769
2871
3770
2872
3771
2873
3772
2874
3773
2875
3774
2876
3775
2877
3776
2878
3777
2879
3778
2880
3779
2881
3780
2882
3781
2883
3782
2884
3783
2885
3784
2886
3785
2887
3786
2888
3787
2889
3788
2890
3789
2891
3790
2892
3791
2893
3792
2894
3793
2895
3794
2896
3795
2897
3796
2898
3797
2899
3798
2900
3799
2901
3800
2902
3801
2903
3802
2904
3803
2905
3804
2906
3805
2907
3806
2908
3807
2909
3808
2910
3809
2911
3810
2912
3811
2913
3812
2914
3813
2915
3814
2916
3815
2917
3816
2918
3817
2919
3818
2920
3819
2921
3820
2922
3821
2923
3822
2924
3823
2925
3824
2926
3825
2927
3826
2928
3827
2929
3828
2930
3829
2931
3830
2932
3831
2933
3832
2934
3833
2935
3834
2936
3835
2937
3836
2938
3837
2939
3838
2940
3839
2941
3840
2942
3841
2943
3842
2944
3843
2945
3844
2946
3845
2947
3846
2948
3847
2949
3848
2950
3849
2951
3850
2952
3851
2953
3852
2954
3853
2955
3854
2956
3855
2957
3856
2958
3857
2959
3858
2960
3859
2961
3860
2962
3861
2963
3862
2964
3863
2965
3864
2966
3865
2967
3866
2968
3867
2969
3868
2970
3869
2971
3870
2972
3871
2973
3872
2974
3873
2975
3874
2976
3875
2977
3876
2978
3877
2979
3878
2980
3879
2981
3880
2982
3881
2983
3882
2984
3883
2985
3884
2986
3885
2987
3886
2988
3887
2989
3888
2990
3889
2991
3890
2992
3891
2993
3892
2994
3893
2995
3894
2996
3895
2997
3896
2998
3897
2999
3898
3000
3899
3001
3900
3002
3901
3003
3902
3004
3903
3005
3904
3006
3905
3007
3906
3008
3907
3009
3908
3010
3909
3011
3910
3012
3911
3013
3912
3014
3913
3015
3914
3016
3915
3017
3916
3018
3917
3019
3918
3020
3919
3021
3920
3022
3921
3023
3922
3024
3923
3025
3924
3026
3925
3027
3926
3028
3927
3029
3928
3030
3929
3031
3930
3032
3931
3033
3932
3034
3933
3035
3934
3036
3935
3037
3936
3038
3937
3039
3938
3040
3939
3041
3940
3042
3941
3043
3942
3044
3943
3045
3944
3046
3945
3047
3946
3048
3947
3049
3948
3050
3949
3051
3950
3052
3951
3053
3952
3054
3953
3055
3954
3056
3955
3057
3956
3058
3957
3059
3958
3060
3959
3061
3960
3062
3961
3063
3962
3064
3963
3065
3964
3066
3965
3067
3966
3068
3967
3069
3968
3070
3969
3071
3970
3072
3971
3073
3972
3074
3973
3075
3974
3076
3975
3077
3976
3078
3977
3079
3978
3080
3979
3081
3980
3082
3981
3083
3982
3084
3983
3085
3984
3086
3985
3087
3986
3088
3987
3089
3988
3090
3989
3091
3990
3092
3991
3093
3992
3094
3993
3095
3994
3096
3995
3097
3996
3098
3997
3099
3998
3100
3999
3101
4000
3102
4001
3103
4002
3104
4003
3105
4004
3106
4005
3107
4006
3108
4007
3109
4008
3110
4009
3111
4010
3112
4011
3113
4012
3114
4013
3115
4014
3116
4015
3117
4016
3118
4017
3119
4018
3120
4019
3121
4020
3122
4021
3123
4022
3124
4023
3125
4024
3126
4025
3127
4026
3128
4027
3129
4028
3130
4029
3131
4030
3132
4031
3133
4032
3134
4033
3135
4034
3136
4035
3137
4036
3138
4037
3139
4038
3140
4039
3141
4040
3142
4041
3143
4042
3144
4043
3145
4044
3146
4045
3147
4046
3148
4047
3149
4048
3150
4049
3151
4050
3152
4051
3153
4052
3154
4053
3155
4054
3156
4055
3157
4056
3158
4057
3159
4058
3160
4059
3161
4060
3162
4061
3163
4062
3164
4063
3165
4064
3166
4065
3167
4066
3168
4067
3169
4068
3170
4069
3171
4070
3172
4071
3173
4072
3174
4073
3175
4074
3176
4075
3177
4076
3178
4077
3179
4078
3180
4079
3181
4080
3182
4081
3183
4082
3184
4083
3185
4084
3186
4085
3187
4086
3188
4087
3189
4088
3190
4089
3191
4090
3192
4091
3193
4092
3194
4093
3195
4094
3196
4095
3197
4096
3198
4097
3199
4098
3200
4099
3201
4100
3202
4101
3203
4102
3204
4103
3205
4104
3206
4105
3207
4106
3208
4107
3209
4108
3210
4109
3211
4110
3212
4111
3213
4112
3214
4113
3215
4114
3216
4115
3217
4116
3218
4117
3219
4118
3220
4119
3221
4120
3222
4121
3223
4122
3224
4123
3225
4124
3226
4125
3227
4126
3228
4127
3229
4128
3230
4129
3231
4130
3232
4131
3233
4132
3234
4133
3235
4134
3236
4135
3237
4136
3238
4137
3239
4138
3240
4139
3241
4140
3242
4141
3243
4142
3244
4143
3245
4144
3246
4145
3247
4146
3248
4147
3249
4148
3250
4149
3251
4150
3252
4151
3253
4152
3254
4153
3255
4154
3256
4155
3257
4156
3258
4157
3259
4158
3260
4159
3261
4160
3262
4161
3263
4162
3264
4163
3265
4164
3266
4165
3267
4166
3268
4167
3269
4168
3270
4169
3271
4170
3272
4171
3273
4172
3274
4173
3275
4174
3276
4175
3277
4176
3278
4177
3279
4178
3280
4179
3281
4180
3282
4181
3283
4182
3284
4183
3285
4184
3286
4185
3287
4186
3288
4187
3289
4188
3290
4189
3291
4190
3292
4191
3293
4192
3294
4193
3295
4194
3296
4195
3297
4196
3298
4197
3299
4198
3300
4199
3301
4200
3302
4201
3303
4202
3304
4203
3305
4204
3306
4205
3307
4206
3308
4207
3309
4208
3310
4209
3311
4210
3312
4211
3313
4212
3314
4213
3315
4214
3316
4215
3317
4216
3318
4217
3319
4218
3320
4219
3321
4220
3322
4221
3323
4222
3324
4223
3325
4224
3326
4225
3327
4226
3328
4227
3329
4228
3330
4229
3331
4230
3332
4231
3333
4232
3334
4233
3335
4234
3336
4235
3337
4236
3338
4237
3339
4238
3340
4239
3341
4240
3342
4241
3343
4242
3344
4243
3345
4244
3346
4245
3347
4246
3348
4247
3349
4248
3350
4249
3351
4250
3352
4251
3353
4252
3354
4253
3355
4254
3356
4255
3357
4256
3358
4257
3359
4258
3360
4259
3361
4260
3362
4261
3363
4262
3364
4263
3365
4264
3366
4265
3367
4266
3368
4267
3369
4268
3370
4269
3371
4270
3372
4271
3373
4272
3374
4273
3375
4274
3376
4275
3377
4276
3378
4277
3379
4278
3380
4279
3381
4280
3382
4281
3383
4282
3384
4283
3385
4284
3386
4285
3387
4286
3388
4287
3389
4288
3390
4289
3391
4290
3392
4291
3393
4292
3394
4293
3395
4294
3396
4295
3397
4296
3398
4297
3399
4298
3400
4299
3401
4300
3402
4301
3403
4302
3404
4303
3405
4304
3406
4305
3407
4306
3408
4307
3409
4308
3410
4309
3411
4310
3412
4311
3413
4312
3414
4313
3415
4314
3416
4315
3417
4316
3418
4317
3419
4318
3420
4319
3421
4320
3422
4321
3423
4322
3424
4323
3425
4324
3426
4325
3427
4326
3428
4327
3429
4328
3430
4329
3431
4330
3432
4331
3433
4332
3434
4333
3435
4334
3436
4335
3437
4336
3438
4337
3439
4338
3440
4339
3441
4340
3442
4341
3443
4342
3444
4343
3445
4344
3446
4345
3447
4346
3448
4347
3449
4348
3450
4349
3451
4350
3452
4351
3453
4352
3454
4353
3455
4354
3456
4355
3457
4356
3458
4357
3459
4358
3460
4359
3461
4360
3462
4361
3463
4362
3464
4363
3465
4364
3466
4365
3467
4366
3468
4367
3469
4368
3470
4369
3471
4370
3472
4371
3473
4372
3474
4373
3475
4374
3476
4375
3477
4376
3478
4377
3479
4378
3480
4379
3481
4380
3482
4381
3483
4382
3484
4383
3485
4384
3486
4385
3487
4386
3488
4387
3489
4388
3490
4389
3491
4390
3492
4391
3493
4392
3494
4393
3495
4394
3496
4395
3497
4396
3498
4397
3499
4398
3500
4399
3501
4400
3502
4401
3503
4402
3504
4403
3505
4404
3506
4405
3507
4406
3508
4407
3509
4408
3510
4409
3511
4410
3512
4411
3513
4412
3514
4413
3515
4414
3516
4415
3517
4416
3518
4417
3519
4418
3520
4419
3521
4420
3522
4421
3523
4422
3524
4423
3525
4424
3526
4425
3527
4426
3528
4427
3529
4428
3530
4429
3531
4430
3532
4431
3533
4432
3534
4433
3535
4434
3536
4435
3537
4436
3538
4437
3539
4438
3540
4439
3541
4440
3542
4441
3543
4442
3544
4443
3545
4444
3546
4445
3547
4446
3548
4447
3549
4448
3550
4449
3551
4450
3552
4451
3553
4452
3554
4453
3555
4454
3556
4455
3557
4456
3558
4457
3559
4458
3560
4459
3561
4460
3562
4461
3563
4462
3564
4463
3565
4464
3566
4465
3567
4466
3568
4467
3569
4468
3570
4469
3571
4470
3572
4471
3573
4472
3574
4473
3575
4474
3576
4475
3577
4476
3578
4477
3579
4478
3580
4479
3581
4480
3582
4481
3583
4482
3584
4483
3585
4484
3586
4485
3587
4486
3588
4487
3589
4488
3590
4489
3591
4490
3592
4491
3593
4492
3594
4493
3595
4494
3596
4495
3597
4496
3598
4497
3599
4498
4499
3601
4500
3602
4501
3603
4502
3604
4503
3605
4504
3606
4505
3607
4506
3608
4507
3609
4508
3610
4509
3611
4510
3612
4511
3613
4512
3614
4513
3615
4514
3616
4515
3617
4516
3618
4517
3619
4518
3620
4519
3621
4520
3622
4521
3623
4522
3624
4523
3625
4524
3626
4525
3627
4526
3628
4527
3629
4528
3630
4529
3631
4530
3632
4531
3633
4532
3634
4533
3635
4534
3636
4535
3637
4536
3638
4537
3639
4538
3640
4539
3641
4540
3642
4541
3643
4542
3644
4543
3645
4544
3646
4545
3647
4546
3648
4547
3649
4548
3650
4549
3651
4550
3652
4551
3653
4552
3654
4553
3655
4554
3656
4555
3657
4556
3658
4557
3659
4558
3660
4559
3661
4560
3662
4561
3663
4562
3664
4563
3665
4564
3666
4565
3667
4566
3668
4567
3669
4568
3670
4569
3671
4570
3672
4571
3673
4572
3674
4573
3675
4574
3676
4575
3677
4576
3678
4577
3679
4578
3680
4579
3681
4580
3682
4581
3683
4582
3684
4583
3685
4584
3686
4585
3687
4586
3688
4587
3689
4588
3690
4589
3691
4590
3692
4591
3693
4592
3694
4593
3695
4594
3696
4595
3697
4596
3698
4597
3699
4598
3700
4599
3701
4600
3702
4601
3703
4602
3704
4603
3705
4604
3706
4605
3707
4606
3708
4607
3709
4608
3710
4609
3711
4610
3712
4611
3713
4612
3714
4613
3715
4614
3716
4615
3717
4616
3718
4617
3719
4618
3720
4619
3721
4620
3722
4621
3723
4622
3724
4623
3725
4624
3726
4625
3727
4626
3728
4627
3729
4628
3730
4629
3731
4630
3732
4631
3733
4632
3734
4633
3735
4634
3736
4635
3737
4636
3738
4637
3739
4638
3740
4639
3741
4640
3742
4641
3743
4642
3744
4643
3745
4644
3746
4645
3747
4646
3748
4647
3749
4648
3750
4649
3751
4650
3752
4651
3753
4652
3754
4653
3755
4654
3756
4655
3757
4656
3758
4657
3759
4658
3760
4659
3761
4660
3762
4661
3763
4662
3764
4663
3765
4664
3766
4665
3767
4666
3768
4667
3769
4668
3770
4669
3771
4670
3772
4671
3773
4672
3774
4673
3775
4674
3776
4675
3777
4676
3778
4677
3779
4678
3780
4679
3781
4680
3782
4681
3783
4682
3784
4683
3785
4684
3786
4685
3787
4686
3788
4687
3789
4688
3790
4689
3791
4690
3792
4691
3793
4692
3794
4693
3795
4694
3796
4695
3797
4696
3798
4697
3799
4698
3800
4699
3801
4700
3802
4701
3803
4702
3804
4703
3805
4704
3806
4705
3807
4706
3808
4707
3809
4708
3810
4709
3811
4710
3812
4711
3813
4712
3814
4713
3815
4714
3816
4715
3817
4716
3818
4717
3819
4718
3820
4719
3821
4720
3822
4721
3823
4722
3824
4723
3825
4724
3826
4725
3827
4726
3828
4727
3829
4728
3830
4729
3831
4730
3832
4731
3833
4732
3834
4733
3835
4734
3836
4735
3837
4736
3838
4737
3839
4738
3840
4739
3841
4740
3842
4741
3843
4742
3844
4743
3845
4744
3846
4745
3847
4746
3848
4747
3849
4748
3850
4749
3851
4750
3852
4751
3853
4752
3854
4753
3855
4754
3856
4755
3857
4756
3858
4757
3859
4758
3860
4759
3861
4760
3862
4761
3863
4762
3864
4763
3865
4764
3866
4765
3867
4766
3868
4767
3869
4768
3870
4769
3871
4770
3872
4771
3873
4772
3874
4773
3875
4774
3876
4775
3877
4776
3878
4777
3879
4778
3880
4779
3881
4780
3882
4781
3883
4782
3884
4783
3885
4784
3886
4785
3887
4786
3888
4787
3889
4788
3890
4789
3891
4790
3892
4791
3893
4792
3894
4793
3895
4794
3896
4795
3897
4796
3898
4797
3899
4798
3900
4799
3901
4800
3902
4801
3903
4802
3904
4803
3905
4804
3906
4805
3907
4806
3908
4807
3909
4808
3910
4809
3911
4810
3912
4811
3913
4812
3914
4813
3915
4814
3916
4815
3917
4816
3918
4817
3919
4818
3920
4819
3921
4820
3922
4821
3923
4822
3924
4823
3925
4824
3926
4825
3927
4826
3928
4827
3929
4828
3930
4829
3931
4830
3932
4831
3933
4832
3934
4833
3935
4834
3936
4835
3937
4836
3938
4837
3939
4838
3940
4839
3941
4840
3942
4841
3943
4842
3944
4843
3945
4844
3946
4845
3947
4846
3948
4847
3949
4848
3950
4849
3951
4850
3952
4851
3953
4852
3954
4853
3955
4854
3956
4855
3957
4856
3958
4857
3959
4858
3960
4859
3961
4860
3962
4861
3963
4862
3964
4863
3965
4864
3966
4865
3967
4866
3968
4867
3969
4868
3970
4869
3971
4870
3972
4871
3973
4872
3974
4873
3975
4874
3976
4875
3977
4876
3978
4877
3979
4878
3980
4879
3981
4880
3982
4881
3983
4882
3984
4883
3985
4884
3986
4885
3987
4886
3988
4887
3989
4888
3990
4889
3991
4890
3992
4891
3993
4892
3994
4893
3995
4894
3996
4895
3997
4896
3998
4897
3999
4898
4000
4899
4001
4900
4002
4901
4003
4902
4004
4903
4005
4904
4006
4905
4007
4906
4008
4907
4009
4908
4010
4909
4011
4910
4012
4911
4013
4912
4014
4913
4015
4914
4016
4915
4017
4916
4018
4917
4019
4918
4020
4919
4021
4920
4022
4921
4023
4922
4024
4923
4025
4924
4026
4925
4027
4926
4028
4927
4029
4928
4030
4929
4031
4930
4032
4931
4033
4932
4034
4933
4035
4934
4036
4935
4037
4936
4038
4937
4039
4938
4040
4939
4041
4940
4042
4941
4043
4942
4044
4943
4045
4944
4046
4945
4047
4946
4048
4947
4049
4948
4050
4949
4051
4950
4052
4951
4053
4952
4054
4953
4055
4954
4056
4955
4057
4956
4058
4957
4059
4958
4060
4959
4061
4960
4062
4961
4063
4962
4064
4963
4065
4964
4066
4965
4067
4966
4068
4967
4069
4968
4070
4969
4071
4970
4072
4971
4073
4972
4074
4973
4075
4974
4076
4975
4077
4976
4078
4977
4079
4978
4080
4979
4081
4980
4082
4981
4083
4982
4084
4983
4085
4984
4086
4985
4087
4986
4088
4987
4089
4988
4090
4989
4091
4990
4092
4991
4093
4992
4094
4993
4095
4994
4096
4995
4097
4996
4098
4997
4099
4998
4100
4999
4101
5000
4102
5001
4103
5002
4104
5003
4105
5004
4106
5005
4107
5006
4108
5007
4109
5008
4110
5009
4111
5010
4112
5011
4113
5012
4114
5013
4115
5014
4116
5015
4117
5016
4118
5017
4119
5018
4120
5019
4121
5020
4122
5021
4123
5022
4124
5023
4125
5024
4126
5025
4127
5026
4128
5027
4129
5028
4130
5029
4131
5030
4132
5031
4133
5032
4134
5033
4135
5034
4136
5035
4137
5036
4138
5037
4139
5038
4140
5039
4141
5040
4142
5041
4143
5042
4144
5043
4145
5044
4146
5045
4147
5046
4148
5047
4149
5048
4150
5049
4151
5050
4152
5051
4153
5052
4154
5053
4155
5054
4156
5055
4157
5056
4158
5057
4159
5058
4160
5059
4161
5060
4162
5061
4163
5062
4164
5063
4165
5064
4166
5065
4167
5066
4168
5067
4169
5068
4170
5069
4171
5070
4172
5071
4173
5072
4174
5073
4175
5074
4176
5075
4177
5076
4178
5077
4179
5078
4180
5079
4181
5080
4182
5081
4183
5082
4184
5083
4185
5084
4186
5085
4187
5086
4188
5087
4189
5088
4190
5089
4191
5090
4192
5091
4193
5092
4194
5093
4195
5094
4196
5095
4197
5096
4198
5097
4199
5098
4200
5099
4201
5100
4202
5101
4203
5102
4204
5103
4205
5104
4206
5105
4207
5106
4208
5107
4209
5108
4210
5109
4211
5110
4212
5111
4213
5112
4214
5113
4215
5114
4216
5115
4217
5116
4218
5117
4219
5118
4220
5119
4221
5120
4222
5121
4223
5122
4224
5123
4225
5124
4226
5125
4227
5126
4228
5127
4229
5128
4230
5129
4231
5130
4232
5131
4233
5132
4234
5133
4235
5134
4236
5135
4237
5136
4238
5137
4239
5138
4240
5139
4241
5140
4242
5141
4243
5142
4244
5143
4245
5144
4246
5145
4247
5146
4248
5147
4249
5148
4250
5149
4251
5150
4252
5151
4253
5152
4254
5153
4255
5154
4256
5155
4257
5156
4258
5157
4259
5158
4260
5159
4261
5160
4262
5161
4263
5162
4264
5163
4265
5164
4266
5165
4267
5166
4268
5167
4269
5168
4270
5169
4271
5170
4272
5171
4273
5172
4274
5173
4275
5174
4276
5175
4277
5176
4278
5177
4279
5178
4280
5179
4281
5180
4282
5181
4283
5182
4284
5183
4285
5184
4286
5185
4287
5186
4288
5187
4289
5188
4290
5189
4291
5190
4292
5191
4293
5192
4294
5193
4295
5194
4296
5195
4297
5196
4298
5197
4299
5198
4300
5199
4301
5200
4302
5201
4303
5202
4304
5203
4305
5204
4306
5205
4307
5206
4308
5207
4309
5208
4310
5209
4311
5210
4312
5211
4313
5212
4314
5213
4315
5214
4316
5215
4317
5216
4318
5217
4319
5218
4320
5219
4321
5220
4322
5221
4323
5222
4324
5223
4325
5224
4326
5225
4327
5226
4328
5227
4329
5228
4330
5229
4331
5230
4332
5231
4333
5232
4334
5233
4335
5234
4336
5235
4337
5236
4338
5237
4339
5238
4340
5239
4341
5240
4342
5241
4343
5242
4344
5243
4345
5244
4346
5245
4347
5246
4348
5247
4349
5248
4350
5249
4351
5250
4352
5251
4353
5252
4354
5253
4355
5254
4356
5255
4357
5256
4358
5257
4359
5258
4360
5259
4361
5260
4362
5261
4363
5262
4364
5263
4365
5264
4366
5265
4367
5266
4368
5267
4369
5268
4370
5269
4371
5270
4372
5271
4373
5272
4374
5273
4375
5274
4376
5275
4377
5276
4378
5277
4379
5278
4380
5279
4381
5280
4382
5281
4383
5282
4384
5283
4385
5284
4386
5285
4387
5286
4388
5287
4389
5288
4390
5289
4391
5290
4392
5291
4393
5292
4394
5293
4395
5294
4396
5295
4397
5296
4398
5297
4399
5298
4400
5299
4401
5300
4402
5301
4403
5302
4404
5303
4405
5304
4406
5305
4407
5306
4408
5307
4409
5308
4410
5309
4411
5310
4412
5311
4413
5312
4414
5313
4415
5314
4416
5315
4417
5316
4418
5317
4419
5318
4420
5319
4421
5320
4422
5321
4423
5322
4424
5323
4425
5324
4426
5325
4427
5326
4428
5327
4429
5328
4430
5329
4431
5330
4432
5331
4433
5332
4434
5333
4435
5334
4436
5335
4437
5336
4438
5337
4439
5338
4440
5339
4441
5340
4442
5341
4443
5342
4444
5343
4445
5344
4446
5345
4447
5346
4448
5347
4449
5348
4450
5349
4451
5350
4452
5351
4453
5352
4454
5353
4455
5354
4456
5355
4457
5356
4458
5357
4459
5358
4460
5359
4461
5360
4462
5361
4463
5362
4464
5363
4465
5364
4466
5365
4467
5366
4468
5367
4469
5368
4470
5369
4471
5370
4472
5371
4473
5372
4474
5373
4475
5374
4476
5375
4477
5376
4478
5377
4479
5378
4480
5379
4481
5380
4482
5381
4483
5382
4484
5383
4485
5384
4486
5385
4487
5386
4488
5387
4489
5388
4490
5389
4491
5390
4492
5391
4493
5392
4494
5393
4495
5394
4496
5395
4497
5396
4498
5397
4499
5398
5399
4501
5400
4502
5401
4503
5402
4504
5403
4505
5404
4506
5405
4507
5406
4508
5407
4509
5408
4510
5409
4511
5410
4512
5411
4513
5412
4514
5413
4515
5414
4516
5415
4517
5416
4518
5417
4519
5418
4520
5419
4521
5420
4522
5421
4523
5422
4524
5423
4525
5424
4526
5425
4527
5426
4528
5427
4529
5428
4530
5429
4531
5430
4532
5431
4533
5432
4534
5433
4535
5434
4536
5435
4537
5436
4538
5437
4539
5438
4540
5439
4541
5440
4542
5441
4543
5442
4544
5443
4545
5444
4546
5445
4547
5446
4548
5447
4549
5448
4550
5449
4551
5450
4552
5451
4553
5452
4554
5453
4555
5454
4556
5455
4557
5456
4558
5457
4559
5458
4560
5459
4561
5460
4562
5461
4563
5462
4564
5463
4565
5464
4566
5465
4567
5466
4568
5467
4569
5468
4570
5469
4571
5470
4572
5471
4573
5472
4574
5473
4575
5474
4576
5475
4577
5476
4578
5477
4579
5478
4580
5479
4581
5480
4582
5481
4583
5482
4584
5483
4585
5484
4586
5485
4587
5486
4588
5487
4589
5488
4590
5489
4591
5490
4592
5491
4593
5492
4594
5493
4595
5494
4596
5495
4597
5496
4598
5497
4599
5498
4600
5499
4601
5500
4602
5501
4603
5502
4604
5503
4605
5504
4606
5505
4607
5506
4608
5507
4609
5508
4610
5509
4611
5510
4612
5511
4613
5512
4614
5513
4615
5514
4616
5515
4617
5516
4618
5517
4619
5518
4620
5519
4621
5520
4622
5521
4623
5522
4624
5523
4625
5524
4626
5525
4627
5526
4628
5527
4629
5528
4630
5529
4631
5530
4632
5531
4633
5532
4634
5533
4635
5534
4636
5535
4637
5536
4638
5537
4639
5538
4640
5539
4641
5540
4642
5541
4643
5542
4644
5543
4645
5544
4646
5545
4647
5546
4648
5547
4649
5548
4650
5549
4651
5550
4652
5551
4653
5552
4654
5553
4655
5554
4656
5555
4657
5556
4658
5557
4659
5558
4660
5559
4661
5560
4662
5561
4663
5562
4664
5563
4665
5564
4666
5565
4667
5566
4668
5567
4669
5568
4670
5569
4671
5570
4672
5571
4673
5572
4674
5573
4675
5574
4676
5575
4677
5576
4678
5577
4679
5578
4680
5579
4681
5580
4682
5581
4683
5582
4684
5583
4685
5584
4686
5585
4687
5586
4688
5587
4689
5588
4690
5589
4691
5590
4692
5591
4693
5592
4694
5593
4695
5594
4696
5595
4697
5596
4698
5597
4699
5598
4700
5599
4701
5600
4702
5601
4703
5602
4704
5603
4705
5604
4706
5605
4707
5606
4708
5607
4709
5608
4710
5609
4711
5610
4712
5611
4713
5612
4714
5613
4715
5614
4716
5615
4717
5616
4718
5617
4719
5618
4720
5619
4721
5620
4722
5621
4723
5622
4724
5623
4725
5624
4726
5625
4727
5626
4728
5627
4729
5628
4730
5629
4731
5630
4732
5631
4733
5632
4734
5633
4735
5634
4736
5635
4737
5636
4738
5637
4739
5638
4740
5639
4741
5640
4742
5641
4743
5642
4744
5643
4745
5644
4746
5645
4747
5646
4748
5647
4749
5648
4750
5649
4751
5650
4752
5651
4753
5652
4754
5653
4755
5654
4756
5655
4757
5656
4758
5657
4759
5658
4760
5659
4761
5660
4762
5661
4763
5662
4764
5663
4765
5664
4766
5665
4767
5666
4768
5667
4769
5668
4770
5669
4771
5670
4772
5671
4773
5672
4774
5673
4775
5674
4776
5675
4777
5676
4778
5677
4779
5678
4780
5679
4781
5680
4782
5681
4783
5682
4784
5683
4785
5684
4786
5685
4787
5686
4788
5687
4789
5688
4790
5689
4791
5690
4792
5691
4793
5692
4794
5693
4795
5694
4796
5695
4797
5696
4798
5697
4799
5698
4800
5699
4801
5700
4802
5701
4803
5702
4804
5703
4805
5704
4806
5705
4807
5706
4808
5707
4809
5708
4810
5709
4811
5710
4812
5711
4813
5712
4814
5713
4815
5714
4816
5715
4817
5716
4818
5717
4819
5718
4820
5719
4821
5720
4822
5721
4823
5722
4824
5723
4825
5724
4826
5725
4827
5726
4828
5727
4829
5728
4830
5729
4831
5730
4832
5731
4833
5732
4834
5733
4835
5734
4836
5735
4837
5736
4838
5737
4839
5738
4840
5739
4841
5740
4842
5741
4843
5742
4844
5743
4845
5744
4846
5745
4847
5746
4848
5747
4849
5748
4850
5749
4851
5750
4852
5751
4853
5752
4854
5753
4855
5754
4856
5755
4857
5756
4858
5757
4859
5758
4860
5759
4861
5760
4862
5761
4863
5762
4864
5763
4865
5764
4866
5765
4867
5766
4868
5767
4869
5768
4870
5769
4871
5770
4872
5771
4873
5772
4874
5773
4875
5774
4876
5775
4877
5776
4878
5777
4879
5778
4880
5779
4881
5780
4882
5781
4883
5782
4884
5783
4885
5784
4886
5785
4887
5786
4888
5787
4889
5788
4890
5789
4891
5790
4892
5791
4893
5792
4894
5793
4895
5794
4896
5795
4897
5796
4898
5797
4899
5798
4900
5799
4901
5800
4902
5801
4903
5802
4904
5803
4905
5804
4906
5805
4907
5806
4908
5807
4909
5808
4910
5809
4911
5810
4912
5811
4913
5812
4914
5813
4915
5814
4916
5815
4917
5816
4918
5817
4919
5818
4920
5819
4921
5820
4922
5821
4923
5822
4924
5823
4925
5824
4926
5825
4927
5826
4928
5827
4929
5828
4930
5829
4931
5830
4932
5831
4933
5832
4934
5833
4935
5834
4936
5835
4937
5836
4938
5837
4939
5838
4940
5839
4941
5840
4942
5841
4943
5842
4944
5843
4945
5844
4946
5845
4947
5846
4948
5847
4949
5848
4950
5849
4951
5850
4952
5851
4953
5852
4954
5853
4955
5854
4956
5855
4957
5856
4958
5857
4959
5858
4960
5859
4961
5860
4962
5861
4963
5862
4964
5863
4965
5864
4966
5865
4967
5866
4968
5867
4969
5868
4970
5869
4971
5870
4972
5871
4973
5872
4974
5873
4975
5874
4976
5875
4977
5876
4978
5877
4979
5878
4980
5879
4981
5880
4982
5881
4983
5882
4984
5883
4985
5884
4986
5885
4987
5886
4988
5887
4989
5888
4990
5889
4991
5890
4992
5891
4993
5892
4994
5893
4995
5894
4996
5895
4997
5896
4998
5897
4999
5898
5000
5899
5001
5900
5002
5901
5003
5902
5004
5903
5005
5904
5006
5905
5007
5906
5008
5907
5009
5908
5010
5909
5011
5910
5012
5911
5013
5912
5014
5913
5015
5914
5016
5915
5017
5916
5018
5917
5019
5918
5020
5919
5021
5920
5022
5921
5023
5922
5024
5923
5025
5924
5026
5925
5027
5926
5028
5927
5029
5928
5030
5929
5031
5930
5032
5931
5033
5932
5034
5933
5035
5934
5036
5935
5037
5936
5038
5937
5039
5938
5040
5939
5041
5940
5042
5941
5043
5942
5044
5943
5045
5944
5046
5945
5047
5946
5048
5947
5049
5948
5050
5949
5051
5950
5052
5951
5053
5952
5054
5953
5055
5954
5056
5955
5057
5956
5058
5957
5059
5958
5060
5959
5061
5960
5062
5961
5063
5962
5064
5963
5065
5964
5066
5965
5067
5966
5068
5967
5069
5968
5070
5969
5071
5970
5072
5971
5073
5972
5074
5973
5075
5974
5076
5975
5077
5976
5078
5977
5079
5978
5080
5979
5081
5980
5082
5981
5083
5982
5084
5983
5085
5984
5086
5985
5087
5986
5088
5987
5089
5988
5090
5989
5091
5990
5092
5991
5093
5992
5094
5993
5095
5994
5096
5995
5097
5996
5098
5997
5099
5998
5100
5999
5101
6000
5102
6001
5103
6002
5104
6003
5105
6004
5106
6005
5107
6006
5108
6007
5109
6008
5110
6009
5111
6010
5112
6011
5113
6012
5114
6013
5115
6014
5116
6015
5117
6016
5118
6017
5119
6018
5120
6019
5121
6020
5122
6021
5123
6022
5124
6023
5125
6024
5126
6025
5127
6026
5128
6027
5129
6028
5130
6029
5131
6030
5132
6031
5133
6032
5134
6033
5135
6034
5136
6035
5137
6036
5138
6037
5139
6038
5140
6039
5141
6040
5142
6041
5143
6042
5144
6043
5145
6044
5146
6045
5147
6046
5148
6047
5149
6048
5150
6049
5151
6050
5152
6051
5153
6052
5154
6053
5155
6054
5156
6055
5157
6056
5158
6057
5159
6058
5160
6059
5161
6060
5162
6061
5163
6062
5164
6063
5165
6064
5166
6065
5167
6066
5168
6067
5169
6068
5170
6069
5171
6070
5172
6071
5173
6072
5174
6073
5175
6074
5176
6075
5177
6076
5178
6077
5179
6078
5180
6079
5181
6080
5182
6081
5183
6082
5184
6083
5185
6084
5186
6085
5187
6086
5188
6087
5189
6088
5190
6089
5191
6090
5192
6091
5193
6092
5194
6093
5195
6094
5196
6095
5197
6096
5198
6097
5199
6098
5200
6099
5201
6100
5202
6101
5203
6102
5204
6103
5205
6104
5206
6105
5207
6106
5208
6107
5209
6108
5210
6109
5211
6110
5212
6111
5213
6112
5214
6113
5215
6114
5216
6115
5217
6116
5218
6117
5219
6118
5220
6119
5221
6120
5222
6121
5223
6122
5224
6123
5225
6124
5226
6125
5227
6126
5228
6127
5229
6128
5230
6129
5231
6130
5232
6131
5233
6132
5234
6133
5235
6134
5236
6135
5237
6136
5238
6137
5239
6138
5240
6139
5241
6140
5242
6141
5243
6142
5244
6143
5245
6144
5246
6145
5247
6146
5248
6147
5249
6148
5250
6149
5251
6150
5252
6151
5253
6152
5254
6153
5255
6154
5256
6155
5257
6156
5258
6157
5259
6158
5260
6159
5261
6160
5262
6161
5263
6162
5264
6163
5265
6164
5266
6165
5267
6166
5268
6167
5269
6168
5270
6169
5271
6170
5272
6171
5273
6172
5274
6173
5275
6174
5276
6175
5277
6176
5278
6177
5279
6178
5280
6179
5281
6180
5282
6181
5283
6182
5284
6183
5285
6184
5286
6185
5287
6186
5288
6187
5289
6188
5290
6189
5291
6190
5292
6191
5293
6192
5294
6193
5295
6194
5296
6195
5297
6196
5298
6197
5299
6198
5300
6199
5301
6200
5302
6201
5303
6202
5304
6203
5305
6204
5306
6205
5307
6206
5308
6207
5309
6208
5310
6209
5311
6210
5312
6211
5313
6212
5314
6213
5315
6214
5316
6215
5317
6216
5318
6217
5319
6218
5320
6219
5321
6220
5322
6221
5323
6222
5324
6223
5325
6224
5326
6225
5327
6226
5328
6227
5329
6228
5330
6229
5331
6230
5332
6231
5333
6232
5334
6233
5335
6234
5336
6235
5337
6236
5338
6237
5339
6238
5340
6239
5341
6240
5342
6241
5343
6242
5344
6243
5345
6244
5346
6245
5347
6246
5348
6247
5349
6248
5350
6249
5351
6250
5352
6251
5353
6252
5354
6253
5355
6254
5356
6255
5357
6256
5358
6257
5359
6258
5360
6259
5361
6260
5362
6261
5363
6262
5364
6263
5365
6264
5366
6265
5367
6266
5368
6267
5369
6268
5370
6269
5371
6270
5372
6271
5373
6272
5374
6273
5375
6274
5376
6275
5377
6276
5378
6277
5379
6278
5380
6279
5381
6280
5382
6281
5383
6282
5384
6283
5385
6284
5386
6285
5387
6286
5388
6287
5389
6288
5390
6289
5391
6290
5392
6291
5393
6292
5394
6293
5395
6294
5396
6295
5397
6296
5398
6297
5399
6298
6299
5401
6300
5402
6301
5403
6302
5404
6303
5405
6304
5406
6305
5407
6306
5408
6307
5409
6308
5410
6309
5411
6310
5412
6311
5413
6312
5414
6313
5415
6314
5416
6315
5417
6316
5418
6317
5419
6318
5420
6319
5421
6320
5422
6321
5423
6322
5424
6323
5425
6324
5426
6325
5427
6326
5428
6327
5429
6328
5430
6329
5431
6330
5432
6331
5433
6332
5434
6333
5435
6334
5436
6335
5437
6336
5438
6337
5439
6338
5440
6339
5441
6340
5442
6341
5443
6342
5444
6343
5445
6344
5446
6345
5447
6346
5448
6347
5449
6348
5450
6349
5451
6350
5452
6351
5453
6352
5454
6353
5455
6354
5456
6355
5457
6356
5458
6357
5459
6358
5460
6359
5461
6360
5462
6361
5463
6362
5464
6363
5465
6364
5466
6365
5467
6366
5468
6367
5469
6368
5470
6369
5471
6370
5472
6371
5473
6372
5474
6373
5475
6374
5476
6375
5477
6376
5478
6377
5479
6378
5480
6379
5481
6380
5482
6381
5483
6382
5484
6383
5485
6384
5486
6385
5487
6386
5488
6387
5489
6388
5490
6389
5491
6390
5492
6391
5493
6392
5494
6393
5495
6394
5496
6395
5497
6396
5498
6397
5499
6398
5500
6399
5501
6400
5502
6401
5503
6402
5504
6403
5505
6404
5506
6405
5507
6406
5508
6407
5509
6408
5510
6409
5511
6410
5512
6411
5513
6412
5514
6413
5515
6414
5516
6415
5517
6416
5518
6417
5519
6418
5520
6419
5521
6420
5522
6421
5523
6422
5524
6423
5525
6424
5526
6425
5527
6426
5528
6427
5529
6428
5530
6429
5531
6430
5532
6431
5533
6432
5534
6433
5535
6434
5536
6435
5537
6436
5538
6437
5539
6438
5540
6439
5541
6440
5542
6441
5543
6442
5544
6443
5545
6444
5546
6445
5547
6446
5548
6447
5549
6448
5550
6449
5551
6450
5552
6451
5553
6452
5554
6453
5555
6454
5556
6455
5557
6456
5558
6457
5559
6458
5560
6459
5561
6460
5562
6461
5563
6462
5564
6463
5565
6464
5566
6465
5567
6466
5568
6467
5569
6468
5570
6469
5571
6470
5572
6471
5573
6472
5574
6473
5575
6474
5576
6475
5577
6476
5578
6477
5579
6478
5580
6479
5581
6480
5582
6481
5583
6482
5584
6483
5585
6484
5586
6485
5587
6486
5588
6487
5589
6488
5590
6489
5591
6490
5592
6491
5593
6492
5594
6493
5595
6494
5596
6495
5597
6496
5598
6497
5599
6498
5600
6499
5601
6500
5602
6501
5603
6502
5604
6503
5605
6504
5606
6505
5607
6506
5608
6507
5609
6508
5610
6509
5611
6510
5612
6511
5613
6512
5614
6513
5615
6514
5616
6515
5617
6516
5618
6517
5619
6518
5620
6519
5621
6520
5622
6521
5623
6522
5624
6523
5625
6524
5626
6525
5627
6526
5628
6527
5629
6528
5630
6529
5631
6530
5632
6531
5633
6532
5634
6533
5635
6534
5636
6535
5637
6536
5638
6537
5639
6538
5640
6539
5641
6540
5642
6541
5643
6542
5644
6543
5645
6544
5646
6545
5647
6546
5648
6547
5649
6548
5650
6549
5651
6550
5652
6551
5653
6552
5654
6553
5655
6554
5656
6555
5657
6556
5658
6557
5659
6558
5660
6559
5661
6560
5662
6561
5663
6562
5664
6563
5665
6564
5666
6565
5667
6566
5668
6567
5669
6568
5670
6569
5671
6570
5672
6571
5673
6572
5674
6573
5675
6574
5676
6575
5677
6576
5678
6577
5679
6578
5680
6579
5681
6580
5682
6581
5683
6582
5684
6583
5685
6584
5686
6585
5687
6586
5688
6587
5689
6588
5690
6589
5691
6590
5692
6591
5693
6592
5694
6593
5695
6594
5696
6595
5697
6596
5698
6597
5699
6598
5700
6599
5701
6600
5702
6601
5703
6602
5704
6603
5705
6604
5706
6605
5707
6606
5708
6607
5709
6608
5710
6609
5711
6610
5712
6611
5713
6612
5714
6613
5715
6614
5716
6615
5717
6616
5718
6617
5719
6618
5720
6619
5721
6620
5722
6621
5723
6622
5724
6623
5725
6624
5726
6625
5727
6626
5728
6627
5729
6628
5730
6629
5731
6630
5732
6631
5733
6632
5734
6633
5735
6634
5736
6635
5737
6636
5738
6637
5739
6638
5740
6639
5741
6640
5742
6641
5743
6642
5744
6643
5745
6644
5746
6645
5747
6646
5748
6647
5749
6648
5750
6649
5751
6650
5752
6651
5753
6652
5754
6653
5755
6654
5756
6655
5757
6656
5758
6657
5759
6658
5760
6659
5761
6660
5762
6661
5763
6662
5764
6663
5765
6664
5766
6665
5767
6666
5768
6667
5769
6668
5770
6669
5771
6670
5772
6671
5773
6672
5774
6673
5775
6674
5776
6675
5777
6676
5778
6677
5779
6678
5780
6679
5781
6680
5782
6681
5783
6682
5784
6683
5785
6684
5786
6685
5787
6686
5788
6687
5789
6688
5790
6689
5791
6690
5792
6691
5793
6692
5794
6693
5795
6694
5796
6695
5797
6696
5798
6697
5799
6698
5800
6699
5801
6700
5802
6701
5803
6702
5804
6703
5805
6704
5806
6705
5807
6706
5808
6707
5809
6708
5810
6709
5811
6710
5812
6711
5813
6712
5814
6713
5815
6714
5816
6715
5817
6716
5818
6717
5819
6718
5820
6719
5821
6720
5822
6721
5823
6722
5824
6723
5825
6724
5826
6725
5827
6726
5828
6727
5829
6728
5830
6729
5831
6730
5832
6731
5833
6732
5834
6733
5835
6734
5836
6735
5837
6736
5838
6737
5839
6738
5840
6739
5841
6740
5842
6741
5843
6742
5844
6743
5845
6744
5846
6745
5847
6746
5848
6747
5849
6748
5850
6749
5851
6750
5852
6751
5853
6752
5854
6753
5855
6754
5856
6755
5857
6756
5858
6757
5859
6758
5860
6759
5861
6760
5862
6761
5863
6762
5864
6763
5865
6764
5866
6765
5867
6766
5868
6767
5869
6768
5870
6769
5871
6770
5872
6771
5873
6772
5874
6773
5875
6774
5876
6775
5877
6776
5878
6777
5879
6778
5880
6779
5881
6780
5882
6781
5883
6782
5884
6783
5885
6784
5886
6785
5887
6786
5888
6787
5889
6788
5890
6789
5891
6790
5892
6791
5893
6792
5894
6793
5895
6794
5896
6795
5897
6796
5898
6797
5899
6798
5900
6799
5901
6800
5902
6801
5903
6802
5904
6803
5905
6804
5906
6805
5907
6806
5908
6807
5909
6808
5910
6809
5911
6810
5912
6811
5913
6812
5914
6813
5915
6814
5916
6815
5917
6816
5918
6817
5919
6818
5920
6819
5921
6820
5922
6821
5923
6822
5924
6823
5925
6824
5926
6825
5927
6826
5928
6827
5929
6828
5930
6829
5931
6830
5932
6831
5933
6832
5934
6833
5935
6834
5936
6835
5937
6836
5938
6837
5939
6838
5940
6839
5941
6840
5942
6841
5943
6842
5944
6843
5945
6844
5946
6845
5947
6846
5948
6847
5949
6848
5950
6849
5951
6850
5952
6851
5953
6852
5954
6853
5955
6854
5956
6855
5957
6856
5958
6857
5959
6858
5960
6859
5961
6860
5962
6861
5963
6862
5964
6863
5965
6864
5966
6865
5967
6866
5968
6867
5969
6868
5970
6869
5971
6870
5972
6871
5973
6872
5974
6873
5975
6874
5976
6875
5977
6876
5978
6877
5979
6878
5980
6879
5981
6880
5982
6881
5983
6882
5984
6883
5985
6884
5986
6885
5987
6886
5988
6887
5989
6888
5990
6889
5991
6890
5992
6891
5993
6892
5994
6893
5995
6894
5996
6895
5997
6896
5998
6897
5999
6898
6000
6899
6001
6900
6002
6901
6003
6902
6004
6903
6005
6904
6006
6905
6007
6906
6008
6907
6009
6908
6010
6909
6011
6910
6012
6911
6013
6912
6014
6913
6015
6914
6016
6915
6017
6916
6018
6917
6019
6918
6020
6919
6021
6920
6022
6921
6023
6922
6024
6923
6025
6924
6026
6925
6027
6926
6028
6927
6029
6928
6030
6929
6031
6930
6032
6931
6033
6932
6034
6933
6035
6934
6036
6935
6037
6936
6038
6937
6039
6938
6040
6939
6041
6940
6042
6941
6043
6942
6044
6943
6045
6944
6046
6945
6047
6946
6048
6947
6049
6948
6050
6949
6051
6950
6052
6951
6053
6952
6054
6953
6055
6954
6056
6955
6057
6956
6058
6957
6059
6958
6060
6959
6061
6960
6062
6961
6063
6962
6064
6963
6065
6964
6066
6965
6067
6966
6068
6967
6069
6968
6070
6969
6071
6970
6072
6971
6073
6972
6074
6973
6075
6974
6076
6975
6077
6976
6078
6977
6079
6978
6080
6979
6081
6980
6082
6981
6083
6982
6084
6983
6085
6984
6086
6985
6087
6986
6088
6987
6089
6988
6090
6989
6091
6990
6092
6991
6093
6992
6094
6993
6095
6994
6096
6995
6097
6996
6098
6997
6099
6998
6100
6999
6101
7000
6102
7001
6103
7002
6104
7003
6105
7004
6106
7005
6107
7006
6108
7007
6109
7008
6110
7009
6111
7010
6112
7011
6113
7012
6114
7013
6115
7014
6116
7015
6117
7016
6118
7017
6119
7018
6120
7019
6121
7020
6122
7021
6123
7022
6124
7023
6125
7024
6126
7025
6127
7026
6128
7027
6129
7028
6130
7029
6131
7030
6132
7031
6133
7032
6134
7033
6135
7034
6136
7035
6137
7036
6138
7037
6139
7038
6140
7039
6141
7040
6142
7041
6143
7042
6144
7043
6145
7044
6146
7045
6147
7046
6148
7047
6149
7048
6150
7049
6151
7050
6152
7051
6153
7052
6154
7053
6155
7054
6156
7055
6157
7056
6158
7057
6159
7058
6160
7059
6161
7060
6162
7061
6163
7062
6164
7063
6165
7064
6166
7065
6167
7066
6168
7067
6169
7068
6170
7069
6171
7070
6172
7071
6173
7072
6174
7073
6175
7074
6176
7075
6177
7076
6178
7077
6179
7078
6180
7079
6181
7080
6182
7081
6183
7082
6184
7083
6185
7084
6186
7085
6187
7086
6188
7087
6189
7088
6190
7089
6191
7090
6192
7091
6193
7092
6194
7093
6195
7094
6196
7095
6197
7096
6198
7097
6199
7098
6200
7099
6201
7100
6202
7101
6203
7102
6204
7103
6205
7104
6206
7105
6207
7106
6208
7107
6209
7108
6210
7109
6211
7110
6212
7111
6213
7112
6214
7113
6215
7114
6216
7115
6217
7116
6218
7117
6219
7118
6220
7119
6221
7120
6222
7121
6223
7122
6224
7123
6225
7124
6226
7125
6227
7126
6228
7127
6229
7128
6230
7129
6231
7130
6232
7131
6233
7132
6234
7133
6235
7134
6236
7135
6237
7136
6238
7137
6239
7138
6240
7139
6241
7140
6242
7141
6243
7142
6244
7143
6245
7144
6246
7145
6247
7146
6248
7147
6249
7148
6250
7149
6251
7150
6252
7151
6253
7152
6254
7153
6255
7154
6256
7155
6257
7156
6258
7157
6259
7158
6260
7159
6261
7160
6262
7161
6263
7162
6264
7163
6265
7164
6266
7165
6267
7166
6268
7167
6269
7168
6270
7169
6271
7170
6272
7171
6273
7172
6274
7173
6275
7174
6276
7175
6277
7176
6278
7177
6279
7178
6280
7179
6281
7180
6282
7181
6283
7182
6284
7183
6285
7184
6286
7185
6287
7186
6288
7187
6289
7188
6290
7189
6291
7190
6292
7191
6293
7192
6294
7193
6295
7194
6296
7195
6297
7196
6298
7197
6299
7198
7199
6301
7200
6302
7201
6303
7202
6304
7203
6305
7204
6306
7205
6307
7206
6308
7207
6309
7208
6310
7209
6311
7210
6312
7211
6313
7212
6314
7213
6315
7214
6316
7215
6317
7216
6318
7217
6319
7218
6320
7219
6321
7220
6322
7221
6323
7222
6324
7223
6325
7224
6326
7225
6327
7226
6328
7227
6329
7228
6330
7229
6331
7230
6332
7231
6333
7232
6334
7233
6335
7234
6336
7235
6337
7236
6338
7237
6339
7238
6340
7239
6341
7240
6342
7241
6343
7242
6344
7243
6345
7244
6346
7245
6347
7246
6348
7247
6349
7248
6350
7249
6351
7250
6352
7251
6353
7252
6354
7253
6355
7254
6356
7255
6357
7256
6358
7257
6359
7258
6360
7259
6361
7260
6362
7261
6363
7262
6364
7263
6365
7264
6366
7265
6367
7266
6368
7267
6369
7268
6370
7269
6371
7270
6372
7271
6373
7272
6374
7273
6375
7274
6376
7275
6377
7276
6378
7277
6379
7278
6380
7279
6381
7280
6382
7281
6383
7282
6384
7283
6385
7284
6386
7285
6387
7286
6388
7287
6389
7288
6390
7289
6391
7290
6392
7291
6393
7292
6394
7293
6395
7294
6396
7295
6397
7296
6398
7297
6399
7298
6400
7299
6401
7300
6402
7301
6403
7302
6404
7303
6405
7304
6406
7305
6407
7306
6408
7307
6409
7308
6410
7309
6411
7310
6412
7311
6413
7312
6414
7313
6415
7314
6416
7315
6417
7316
6418
7317
6419
7318
6420
7319
6421
7320
6422
7321
6423
7322
6424
7323
6425
7324
6426
7325
6427
7326
6428
7327
6429
7328
6430
7329
6431
7330
6432
7331
6433
7332
6434
7333
6435
7334
6436
7335
6437
7336
6438
7337
6439
7338
6440
7339
6441
7340
6442
7341
6443
7342
6444
7343
6445
7344
6446
7345
6447
7346
6448
7347
6449
7348
6450
7349
6451
7350
6452
7351
6453
7352
6454
7353
6455
7354
6456
7355
6457
7356
6458
7357
6459
7358
6460
7359
6461
7360
6462
7361
6463
7362
6464
7363
6465
7364
6466
7365
6467
7366
6468
7367
6469
7368
6470
7369
6471
7370
6472
7371
6473
7372
6474
7373
6475
7374
6476
7375
6477
7376
6478
7377
6479
7378
6480
7379
6481
7380
6482
7381
6483
7382
6484
7383
6485
7384
6486
7385
6487
7386
6488
7387
6489
7388
6490
7389
6491
7390
6492
7391
6493
7392
6494
7393
6495
7394
6496
7395
6497
7396
6498
7397
6499
7398
6500
7399
6501
7400
6502
7401
6503
7402
6504
7403
6505
7404
6506
7405
6507
7406
6508
7407
6509
7408
6510
7409
6511
7410
6512
7411
6513
7412
6514
7413
6515
7414
6516
7415
6517
7416
6518
7417
6519
7418
6520
7419
6521
7420
6522
7421
6523
7422
6524
7423
6525
7424
6526
7425
6527
7426
6528
7427
6529
7428
6530
7429
6531
7430
6532
7431
6533
7432
6534
7433
6535
7434
6536
7435
6537
7436
6538
7437
6539
7438
6540
7439
6541
7440
6542
7441
6543
7442
6544
7443
6545
7444
6546
7445
6547
7446
6548
7447
6549
7448
6550
7449
6551
7450
6552
7451
6553
7452
6554
7453
6555
7454
6556
7455
6557
7456
6558
7457
6559
7458
6560
7459
6561
7460
6562
7461
6563
7462
6564
7463
6565
7464
6566
7465
6567
7466
6568
7467
6569
7468
6570
7469
6571
7470
6572
7471
6573
7472
6574
7473
6575
7474
6576
7475
6577
7476
6578
7477
6579
7478
6580
7479
6581
7480
6582
7481
6583
7482
6584
7483
6585
7484
6586
7485
6587
7486
6588
7487
6589
7488
6590
7489
6591
7490
6592
7491
6593
7492
6594
7493
6595
7494
6596
7495
6597
7496
6598
7497
6599
7498
6600
7499
6601
7500
6602
7501
6603
7502
6604
7503
6605
7504
6606
7505
6607
7506
6608
7507
6609
7508
6610
7509
6611
7510
6612
7511
6613
7512
6614
7513
6615
7514
6616
7515
6617
7516
6618
7517
6619
7518
6620
7519
6621
7520
6622
7521
6623
7522
6624
7523
6625
7524
6626
7525
6627
7526
6628
7527
6629
7528
6630
7529
6631
7530
6632
7531
6633
7532
6634
7533
6635
7534
6636
7535
6637
7536
6638
7537
6639
7538
6640
7539
6641
7540
6642
7541
6643
7542
6644
7543
6645
7544
6646
7545
6647
7546
6648
7547
6649
7548
6650
7549
6651
7550
6652
7551
6653
7552
6654
7553
6655
7554
6656
7555
6657
7556
6658
7557
6659
7558
6660
7559
6661
7560
6662
7561
6663
7562
6664
7563
6665
7564
6666
7565
6667
7566
6668
7567
6669
7568
6670
7569
6671
7570
6672
7571
6673
7572
6674
7573
6675
7574
6676
7575
6677
7576
6678
7577
6679
7578
6680
7579
6681
7580
6682
7581
6683
7582
6684
7583
6685
7584
6686
7585
6687
7586
6688
7587
6689
7588
6690
7589
6691
7590
6692
7591
6693
7592
6694
7593
6695
7594
6696
7595
6697
7596
6698
7597
6699
7598
6700
7599
6701
7600
6702
7601
6703
7602
6704
7603
6705
7604
6706
7605
6707
7606
6708
7607
6709
7608
6710
7609
6711
7610
6712
7611
6713
7612
6714
7613
6715
7614
6716
7615
6717
7616
6718
7617
6719
7618
6720
7619
6721
7620
6722
7621
6723
7622
6724
7623
6725
7624
6726
7625
6727
7626
6728
7627
6729
7628
6730
7629
6731
7630
6732
7631
6733
7632
6734
7633
6735
7634
6736
7635
6737
7636
6738
7637
6739
7638
6740
7639
6741
7640
6742
7641
6743
7642
6744
7643
6745
7644
6746
7645
6747
7646
6748
7647
6749
7648
6750
7649
6751
7650
6752
7651
6753
7652
6754
7653
6755
7654
6756
7655
6757
7656
6758
7657
6759
7658
6760
7659
6761
7660
6762
7661
6763
7662
6764
7663
6765
7664
6766
7665
6767
7666
6768
7667
6769
7668
6770
7669
6771
7670
6772
7671
6773
7672
6774
7673
6775
7674
6776
7675
6777
7676
6778
7677
6779
7678
6780
7679
6781
7680
6782
7681
6783
7682
6784
7683
6785
7684
6786
7685
6787
7686
6788
7687
6789
7688
6790
7689
6791
7690
6792
7691
6793
7692
6794
7693
6795
7694
6796
7695
6797
7696
6798
7697
6799
7698
6800
7699
6801
7700
6802
7701
6803
7702
6804
7703
6805
7704
6806
7705
6807
7706
6808
7707
6809
7708
6810
7709
6811
7710
6812
7711
6813
7712
6814
7713
6815
7714
6816
7715
6817
7716
6818
7717
6819
7718
6820
7719
6821
7720
6822
7721
6823
7722
6824
7723
6825
7724
6826
7725
6827
7726
6828
7727
6829
7728
6830
7729
6831
7730
6832
7731
6833
7732
6834
7733
6835
7734
6836
7735
6837
7736
6838
7737
6839
7738
6840
7739
6841
7740
6842
7741
6843
7742
6844
7743
6845
7744
6846
7745
6847
7746
6848
7747
6849
7748
6850
7749
6851
7750
6852
7751
6853
7752
6854
7753
6855
7754
6856
7755
6857
7756
6858
7757
6859
7758
6860
7759
6861
7760
6862
7761
6863
7762
6864
7763
6865
7764
6866
7765
6867
7766
6868
7767
6869
7768
6870
7769
6871
7770
6872
7771
6873
7772
6874
7773
6875
7774
6876
7775
6877
7776
6878
7777
6879
7778
6880
7779
6881
7780
6882
7781
6883
7782
6884
7783
6885
7784
6886
7785
6887
7786
6888
7787
6889
7788
6890
7789
6891
7790
6892
7791
6893
7792
6894
7793
6895
7794
6896
7795
6897
7796
6898
7797
6899
7798
6900
7799
6901
7800
6902
7801
6903
7802
6904
7803
6905
7804
6906
7805
6907
7806
6908
7807
6909
7808
6910
7809
6911
7810
6912
7811
6913
7812
6914
7813
6915
7814
6916
7815
6917
7816
6918
7817
6919
7818
6920
7819
6921
7820
6922
7821
6923
7822
6924
7823
6925
7824
6926
7825
6927
7826
6928
7827
6929
7828
6930
7829
6931
7830
6932
7831
6933
7832
6934
7833
6935
7834
6936
7835
6937
7836
6938
7837
6939
7838
6940
7839
6941
7840
6942
7841
6943
7842
6944
7843
6945
7844
6946
7845
6947
7846
6948
7847
6949
7848
6950
7849
6951
7850
6952
7851
6953
7852
6954
7853
6955
7854
6956
7855
6957
7856
6958
7857
6959
7858
6960
7859
6961
7860
6962
7861
6963
7862
6964
7863
6965
7864
6966
7865
6967
7866
6968
7867
6969
7868
6970
7869
6971
7870
6972
7871
6973
7872
6974
7873
6975
7874
6976
7875
6977
7876
6978
7877
6979
7878
6980
7879
6981
7880
6982
7881
6983
7882
6984
7883
6985
7884
6986
7885
6987
7886
6988
7887
6989
7888
6990
7889
6991
7890
6992
7891
6993
7892
6994
7893
6995
7894
6996
7895
6997
7896
6998
7897
6999
7898
7000
7899
7001
7900
7002
7901
7003
7902
7004
7903
7005
7904
7006
7905
7007
7906
7008
7907
7009
7908
7010
7909
7011
7910
7012
7911
7013
7912
7014
7913
7015
7914
7016
7915
7017
7916
7018
7917
7019
7918
7020
7919
7021
7920
7022
7921
7023
7922
7024
7923
7025
7924
7026
7925
7027
7926
7028
7927
7029
7928
7030
7929
7031
7930
7032
7931
7033
7932
7034
7933
7035
7934
7036
7935
7037
7936
7038
7937
7039
7938
7040
7939
7041
7940
7042
7941
7043
7942
7044
7943
7045
7944
7046
7945
7047
7946
7048
7947
7049
7948
7050
7949
7051
7950
7052
7951
7053
7952
7054
7953
7055
7954
7056
7955
7057
7956
7058
7957
7059
7958
7060
7959
7061
7960
7062
7961
7063
7962
7064
7963
7065
7964
7066
7965
7067
7966
7068
7967
7069
7968
7070
7969
7071
7970
7072
7971
7073
7972
7074
7973
7075
7974
7076
7975
7077
7976
7078
7977
7079
7978
7080
7979
7081
7980
7082
7981
7083
7982
7084
7983
7085
7984
7086
7985
7087
7986
7088
7987
7089
7988
7090
7989
7091
7990
7092
7991
7093
7992
7094
7993
7095
7994
7096
7995
7097
7996
7098
7997
7099
7998
7100
7999
7101
8000
7102
8001
7103
8002
7104
8003
7105
8004
7106
8005
7107
8006
7108
8007
7109
8008
7110
8009
7111
8010
7112
8011
7113
8012
7114
8013
7115
8014
7116
8015
7117
8016
7118
8017
7119
8018
7120
8019
7121
8020
7122
8021
7123
8022
7124
8023
7125
8024
7126
8025
7127
8026
7128
8027
7129
8028
7130
8029
7131
8030
7132
8031
7133
8032
7134
8033
7135
8034
7136
8035
7137
8036
7138
8037
7139
8038
7140
8039
7141
8040
7142
8041
7143
8042
7144
8043
7145
8044
7146
8045
7147
8046
7148
8047
7149
8048
7150
8049
7151
8050
7152
8051
7153
8052
7154
8053
7155
8054
7156
8055
7157
8056
7158
8057
7159
8058
7160
8059
7161
8060
7162
8061
7163
8062
7164
8063
7165
8064
7166
8065
7167
8066
7168
8067
7169
8068
7170
8069
7171
8070
7172
8071
7173
8072
7174
8073
7175
8074
7176
8075
7177
8076
7178
8077
7179
8078
7180
8079
7181
8080
7182
8081
7183
8082
7184
8083
7185
8084
7186
8085
7187
8086
7188
8087
7189
8088
7190
8089
7191
8090
7192
8091
7193
8092
7194
8093
7195
8094
7196
8095
7197
8096
7198
8097
7199
8098
8099
7201
8100
7202
8101
7203
8102
7204
8103
7205
8104
7206
8105
7207
8106
7208
8107
7209
8108
7210
8109
7211
8110
7212
8111
7213
8112
7214
8113
7215
8114
7216
8115
7217
8116
7218
8117
7219
8118
7220
8119
7221
8120
7222
8121
7223
8122
7224
8123
7225
8124
7226
8125
7227
8126
7228
8127
7229
8128
7230
8129
7231
8130
7232
8131
7233
8132
7234
8133
7235
8134
7236
8135
7237
8136
7238
8137
7239
8138
7240
8139
7241
8140
7242
8141
7243
8142
7244
8143
7245
8144
7246
8145
7247
8146
7248
8147
7249
8148
7250
8149
7251
8150
7252
8151
7253
8152
7254
8153
7255
8154
7256
8155
7257
8156
7258
8157
7259
8158
7260
8159
7261
8160
7262
8161
7263
8162
7264
8163
7265
8164
7266
8165
7267
8166
7268
8167
7269
8168
7270
8169
7271
8170
7272
8171
7273
8172
7274
8173
7275
8174
7276
8175
7277
8176
7278
8177
7279
8178
7280
8179
7281
8180
7282
8181
7283
8182
7284
8183
7285
8184
7286
8185
7287
8186
7288
8187
7289
8188
7290
8189
7291
8190
7292
8191
7293
8192
7294
8193
7295
8194
7296
8195
7297
8196
7298
8197
7299
8198
7300
8199
7301
8200
7302
8201
7303
8202
7304
8203
7305
8204
7306
8205
7307
8206
7308
8207
7309
8208
7310
8209
7311
8210
7312
8211
7313
8212
7314
8213
7315
8214
7316
8215
7317
8216
7318
8217
7319
8218
7320
8219
7321
8220
7322
8221
7323
8222
7324
8223
7325
8224
7326
8225
7327
8226
7328
8227
7329
8228
7330
8229
7331
8230
7332
8231
7333
8232
7334
8233
7335
8234
7336
8235
7337
8236
7338
8237
7339
8238
7340
8239
7341
8240
7342
8241
7343
8242
7344
8243
7345
8244
7346
8245
7347
8246
7348
8247
7349
8248
7350
8249
7351
8250
7352
8251
7353
8252
7354
8253
7355
8254
7356
8255
7357
8256
7358
8257
7359
8258
7360
8259
7361
8260
7362
8261
7363
8262
7364
8263
7365
8264
7366
8265
7367
8266
7368
8267
7369
8268
7370
8269
7371
8270
7372
8271
7373
8272
7374
8273
7375
8274
7376
8275
7377
8276
7378
8277
7379
8278
7380
8279
7381
8280
7382
8281
7383
8282
7384
8283
7385
8284
7386
8285
7387
8286
7388
8287
7389
8288
7390
8289
7391
8290
7392
8291
7393
8292
7394
8293
7395
8294
7396
8295
7397
8296
7398
8297
7399
8298
7400
8299
7401
8300
7402
8301
7403
8302
7404
8303
7405
8304
7406
8305
7407
8306
7408
8307
7409
8308
7410
8309
7411
8310
7412
8311
7413
8312
7414
8313
7415
8314
7416
8315
7417
8316
7418
8317
7419
8318
7420
8319
7421
8320
7422
8321
7423
8322
7424
8323
7425
8324
7426
8325
7427
8326
7428
8327
7429
8328
7430
8329
7431
8330
7432
8331
7433
8332
7434
8333
7435
8334
7436
8335
7437
8336
7438
8337
7439
8338
7440
8339
7441
8340
7442
8341
7443
8342
7444
8343
7445
8344
7446
8345
7447
8346
7448
8347
7449
8348
7450
8349
7451
8350
7452
8351
7453
8352
7454
8353
7455
8354
7456
8355
7457
8356
7458
8357
7459
8358
7460
8359
7461
8360
7462
8361
7463
8362
7464
8363
7465
8364
7466
8365
7467
8366
7468
8367
7469
8368
7470
8369
7471
8370
7472
8371
7473
8372
7474
8373
7475
8374
7476
8375
7477
8376
7478
8377
7479
8378
7480
8379
7481
8380
7482
8381
7483
8382
7484
8383
7485
8384
7486
8385
7487
8386
7488
8387
7489
8388
7490
8389
7491
8390
7492
8391
7493
8392
7494
8393
7495
8394
7496
8395
7497
8396
7498
8397
7499
8398
7500
8399
7501
8400
7502
8401
7503
8402
7504
8403
7505
8404
7506
8405
7507
8406
7508
8407
7509
8408
7510
8409
7511
8410
7512
8411
7513
8412
7514
8413
7515
8414
7516
8415
7517
8416
7518
8417
7519
8418
7520
8419
7521
8420
7522
8421
7523
8422
7524
8423
7525
8424
7526
8425
7527
8426
7528
8427
7529
8428
7530
8429
7531
8430
7532
8431
7533
8432
7534
8433
7535
8434
7536
8435
7537
8436
7538
8437
7539
8438
7540
8439
7541
8440
7542
8441
7543
8442
7544
8443
7545
8444
7546
8445
7547
8446
7548
8447
7549
8448
7550
8449
7551
8450
7552
8451
7553
8452
7554
8453
7555
8454
7556
8455
7557
8456
7558
8457
7559
8458
7560
8459
7561
8460
7562
8461
7563
8462
7564
8463
7565
8464
7566
8465
7567
8466
7568
8467
7569
8468
7570
8469
7571
8470
7572
8471
7573
8472
7574
8473
7575
8474
7576
8475
7577
8476
7578
8477
7579
8478
7580
8479
7581
8480
7582
8481
7583
8482
7584
8483
7585
8484
7586
8485
7587
8486
7588
8487
7589
8488
7590
8489
7591
8490
7592
8491
7593
8492
7594
8493
7595
8494
7596
8495
7597
8496
7598
8497
7599
8498
7600
8499
7601
8500
7602
8501
7603
8502
7604
8503
7605
8504
7606
8505
7607
8506
7608
8507
7609
8508
7610
8509
7611
8510
7612
8511
7613
8512
7614
8513
7615
8514
7616
8515
7617
8516
7618
8517
7619
8518
7620
8519
7621
8520
7622
8521
7623
8522
7624
8523
7625
8524
7626
8525
7627
8526
7628
8527
7629
8528
7630
8529
7631
8530
7632
8531
7633
8532
7634
8533
7635
8534
7636
8535
7637
8536
7638
8537
7639
8538
7640
8539
7641
8540
7642
8541
7643
8542
7644
8543
7645
8544
7646
8545
7647
8546
7648
8547
7649
8548
7650
8549
7651
8550
7652
8551
7653
8552
7654
8553
7655
8554
7656
8555
7657
8556
7658
8557
7659
8558
7660
8559
7661
8560
7662
8561
7663
8562
7664
8563
7665
8564
7666
8565
7667
8566
7668
8567
7669
8568
7670
8569
7671
8570
7672
8571
7673
8572
7674
8573
7675
8574
7676
8575
7677
8576
7678
8577
7679
8578
7680
8579
7681
8580
7682
8581
7683
8582
7684
8583
7685
8584
7686
8585
7687
8586
7688
8587
7689
8588
7690
8589
7691
8590
7692
8591
7693
8592
7694
8593
7695
8594
7696
8595
7697
8596
7698
8597
7699
8598
7700
8599
7701
8600
7702
8601
7703
8602
7704
8603
7705
8604
7706
8605
7707
8606
7708
8607
7709
8608
7710
8609
7711
8610
7712
8611
7713
8612
7714
8613
7715
8614
7716
8615
7717
8616
7718
8617
7719
8618
7720
8619
7721
8620
7722
8621
7723
8622
7724
8623
7725
8624
7726
8625
7727
8626
7728
8627
7729
8628
7730
8629
7731
8630
7732
8631
7733
8632
7734
8633
7735
8634
7736
8635
7737
8636
7738
8637
7739
8638
7740
8639
7741
8640
7742
8641
7743
8642
7744
8643
7745
8644
7746
8645
7747
8646
7748
8647
7749
8648
7750
8649
7751
8650
7752
8651
7753
8652
7754
8653
7755
8654
7756
8655
7757
8656
7758
8657
7759
8658
7760
8659
7761
8660
7762
8661
7763
8662
7764
8663
7765
8664
7766
8665
7767
8666
7768
8667
7769
8668
7770
8669
7771
8670
7772
8671
7773
8672
7774
8673
7775
8674
7776
8675
7777
8676
7778
8677
7779
8678
7780
8679
7781
8680
7782
8681
7783
8682
7784
8683
7785
8684
7786
8685
7787
8686
7788
8687
7789
8688
7790
8689
7791
8690
7792
8691
7793
8692
7794
8693
7795
8694
7796
8695
7797
8696
7798
8697
7799
8698
7800
8699
7801
8700
7802
8701
7803
8702
7804
8703
7805
8704
7806
8705
7807
8706
7808
8707
7809
8708
7810
8709
7811
8710
7812
8711
7813
8712
7814
8713
7815
8714
7816
8715
7817
8716
7818
8717
7819
8718
7820
8719
7821
8720
7822
8721
7823
8722
7824
8723
7825
8724
7826
8725
7827
8726
7828
8727
7829
8728
7830
8729
7831
8730
7832
8731
7833
8732
7834
8733
7835
8734
7836
8735
7837
8736
7838
8737
7839
8738
7840
8739
7841
8740
7842
8741
7843
8742
7844
8743
7845
8744
7846
8745
7847
8746
7848
8747
7849
8748
7850
8749
7851
8750
7852
8751
7853
8752
7854
8753
7855
8754
7856
8755
7857
8756
7858
8757
7859
8758
7860
8759
7861
8760
7862
8761
7863
8762
7864
8763
7865
8764
7866
8765
7867
8766
7868
8767
7869
8768
7870
8769
7871
8770
7872
8771
7873
8772
7874
8773
7875
8774
7876
8775
7877
8776
7878
8777
7879
8778
7880
8779
7881
8780
7882
8781
7883
8782
7884
8783
7885
8784
7886
8785
7887
8786
7888
8787
7889
8788
7890
8789
7891
8790
7892
8791
7893
8792
7894
8793
7895
8794
7896
8795
7897
8796
7898
8797
7899
8798
7900
8799
7901
8800
7902
8801
7903
8802
7904
8803
7905
8804
7906
8805
7907
8806
7908
8807
7909
8808
7910
8809
7911
8810
7912
8811
7913
8812
7914
8813
7915
8814
7916
8815
7917
8816
7918
8817
7919
8818
7920
8819
7921
8820
7922
8821
7923
8822
7924
8823
7925
8824
7926
8825
7927
8826
7928
8827
7929
8828
7930
8829
7931
8830
7932
8831
7933
8832
7934
8833
7935
8834
7936
8835
7937
8836
7938
8837
7939
8838
7940
8839
7941
8840
7942
8841
7943
8842
7944
8843
7945
8844
7946
8845
7947
8846
7948
8847
7949
8848
7950
8849
7951
8850
7952
8851
7953
8852
7954
8853
7955
8854
7956
8855
7957
8856
7958
8857
7959
8858
7960
8859
7961
8860
7962
8861
7963
8862
7964
8863
7965
8864
7966
8865
7967
8866
7968
8867
7969
8868
7970
8869
7971
8870
7972
8871
7973
8872
7974
8873
7975
8874
7976
8875
7977
8876
7978
8877
7979
8878
7980
8879
7981
8880
7982
8881
7983
8882
7984
8883
7985
8884
7986
8885
7987
8886
7988
8887
7989
8888
7990
8889
7991
8890
7992
8891
7993
8892
7994
8893
7995
8894
7996
8895
7997
8896
7998
8897
7999
8898
8000
8899
8001
8900
8002
8901
8003
8902
8004
8903
8005
8904
8006
8905
8007
8906
8008
8907
8009
8908
8010
8909
8011
8910
8012
8911
8013
8912
8014
8913
8015
8914
8016
8915
8017
8916
8018
8917
8019
8918
8020
8919
8021
8920
8022
8921
8023
8922
8024
8923
8025
8924
8026
8925
8027
8926
8028
8927
8029
8928
8030
8929
8031
8930
8032
8931
8033
8932
8034
8933
8035
8934
8036
8935
8037
8936
8038
8937
8039
8938
8040
8939
8041
8940
8042
8941
8043
8942
8044
8943
8045
8944
8046
8945
8047
8946
8048
8947
8049
8948
8050
8949
8051
8950
8052
8951
8053
8952
8054
8953
8055
8954
8056
8955
8057
8956
8058
8957
8059
8958
8060
8959
8061
8960
8062
8961
8063
8962
8064
8963
8065
8964
8066
8965
8067
8966
8068
8967
8069
8968
8070
8969
8071
8970
8072
8971
8073
8972
8074
8973
8075
8974
8076
8975
8077
8976
8078
8977
8079
8978
8080
8979
8081
8980
8082
8981
8083
8982
8084
8983
8085
8984
8086
8985
8087
8986
8088
8987
8089
8988
8090
8989
8091
8990
8092
8991
8093
8992
8094
8993
8095
8994
8096
8995
8097
8996
8098
8997
8099
8998
8999
8101
8102
8103
8104
8105
8106
8107
8108
8109
8110
8111
8112
8113
8114
8115
8116
8117
8118
8119
8120
8121
8122
8123
8124
8125
8126
8127
8128
8129
8130
8131
8132
8133
8134
8135
8136
8137
8138
8139
8140
8141
8142
8143
8144
8145
8146
8147
8148
8149
8150
8151
8152
8153
8154
8155
8156
8157
8158
8159
8160
8161
8162
8163
8164
8165
8166
8167
8168
8169
8170
8171
8172
8173
8174
8175
8176
8177
8178
8179
8180
8181
8182
8183
8184
8185
8186
8187
8188
8189
8190
8191
8192
8193
8194
8195
8196
8197
8198
8199
8200
8201
8202
8203
8204
8205
8206
8207
8208
8209
8210
8211
8212
8213
8214
8215
8216
8217
8218
8219
8220
8221
8222
8223
8224
8225
8226
8227
8228
8229
8230
8231
8232
8233
8234
8235
8236
8237
8238
8239
8240
8241
8242
8243
8244
8245
8246
8247
8248
8249
8250
8251
8252
8253
8254
8255
8256
8257
8258
8259
8260
8261
8262
8263
8264
8265
8266
8267
8268
8269
8270
8271
8272
8273
8274
8275
8276
8277
8278
8279
8280
8281
8282
8283
8284
8285
8286
8287
8288
8289
8290
8291
8292
8293
8294
8295
8296
8297
8298
8299
8300
8301
8302
8303
8304
8305
8306
8307
8308
8309
8310
8311
8312
8313
8314
8315
8316
8317
8318
8319
8320
8321
8322
8323
8324
8325
8326
8327
8328
8329
8330
8331
8332
8333
8334
8335
8336
8337
8338
8339
8340
8341
8342
8343
8344
8345
8346
8347
8348
8349
8350
8351
8352
8353
8354
8355
8356
8357
8358
8359
8360
8361
8362
8363
8364
8365
8366
8367
8368
8369
8370
8371
8372
8373
8374
8375
8376
8377
8378
8379
8380
8381
8382
8383
8384
8385
8386
8387
8388
8389
8390
8391
8392
8393
8394
8395
8396
8397
8398
8399
8400
8401
8402
8403
8404
8405
8406
8407
8408
8409
8410
8411
8412
8413
8414
8415
8416
8417
8418
8419
8420
8421
8422
8423
8424
8425
8426
8427
8428
8429
8430
8431
8432
8433
8434
8435
8436
8437
8438
8439
8440
8441
8442
8443
8444
8445
8446
8447
8448
8449
8450
8451
8452
8453
8454
8455
8456
8457
8458
8459
8460
8461
8462
8463
8464
8465
8466
8467
8468
8469
8470
8471
8472
8473
8474
8475
8476
8477
8478
8479
8480
8481
8482
8483
8484
8485
8486
8487
8488
8489
8490
8491
8492
8493
8494
8495
8496
8497
8498
8499
8500
8501
8502
8503
8504
8505
8506
8507
8508
8509
8510
8511
8512
8513
8514
8515
8516
8517
8518
8519
8520
8521
8522
8523
8524
8525
8526
8527
8528
8529
8530
8531
8532
8533
8534
8535
8536
8537
8538
8539
8540
8541
8542
8543
8544
8545
8546
8547
8548
8549
8550
8551
8552
8553
8554
8555
8556
8557
8558
8559
8560
8561
8562
8563
8564
8565
8566
8567
8568
8569
8570
8571
8572
8573
8574
8575
8576
8577
8578
8579
8580
8581
8582
8583
8584
8585
8586
8587
8588
8589
8590
8591
8592
8593
8594
8595
8596
8597
8598
8599
8600
8601
8602
8603
8604
8605
8606
8607
8608
8609
8610
8611
8612
8613
8614
8615
8616
8617
8618
8619
8620
8621
8622
8623
8624
8625
8626
8627
8628
8629
8630
8631
8632
8633
8634
8635
8636
8637
8638
8639
8640
8641
8642
8643
8644
8645
8646
8647
8648
8649
8650
8651
8652
8653
8654
8655
8656
8657
8658
8659
8660
8661
8662
8663
8664
8665
8666
8667
8668
8669
8670
8671
8672
8673
8674
8675
8676
8677
8678
8679
8680
8681
8682
8683
8684
8685
8686
8687
8688
8689
8690
8691
8692
8693
8694
8695
8696
8697
8698
8699
8700
8701
8702
8703
8704
8705
8706
8707
8708
8709
8710
8711
8712
8713
8714
8715
8716
8717
8718
8719
8720
8721
8722
8723
8724
8725
8726
8727
8728
8729
8730
8731
8732
8733
8734
8735
8736
8737
8738
8739
8740
8741
8742
8743
8744
8745
8746
8747
8748
8749
8750
8751
8752
8753
8754
8755
8756
8757
8758
8759
8760
8761
8762
8763
8764
8765
8766
8767
8768
8769
8770
8771
8772
8773
8774
8775
8776
8777
8778
8779
8780
8781
8782
8783
8784
8785
8786
8787
8788
8789
8790
8791
8792
8793
8794
8795
8796
8797
8798
8799
8800
8801
8802
8803
8804
8805
8806
8807
8808
8809
8810
8811
8812
8813
8814
8815
8816
8817
8818
8819
8820
8821
8822
8823
8824
8825
8826
8827
8828
8829
8830
8831
8832
8833
8834
8835
8836
8837
8838
8839
8840
8841
8842
8843
8844
8845
8846
8847
8848
8849
8850
8851
8852
8853
8854
8855
8856
8857
8858
8859
8860
8861
8862
8863
8864
8865
8866
8867
8868
8869
8870
8871
8872
8873
8874
8875
8876
8877
8878
8879
8880
8881
8882
8883
8884
8885
8886
8887
8888
8889
8890
8891
8892
8893
8894
8895
8896
8897
8898
8899
8900
8901
8902
8903
8904
8905
8906
8907
8908
8909
8910
8911
8912
8913
8914
8915
8916
8917
8918
8919
8920
8921
8922
8923
8924
8925
8926
8927
8928
8929
8930
8931
8932
8933
8934
8935
8936
8937
8938
8939
8940
8941
8942
8943
8944
8945
8946
8947
8948
8949
8950
8951
8952
8953
8954
8955
8956
8957
8958
8959
8960
8961
8962
8963
8964
8965
8966
8967
8968
8969
8970
8971
8972
8973
8974
8975
8976
8977
8978
8979
8980
8981
8982
8983
8984
8985
8986
8987
8988
8989
8990
8991
8992
8993
8994
8995
8996
8997
8998
8999
)


// ************************************************************************* //
